generation	best	sd	avg
0	251264	5769.832273440896	250550.45109780438
1	256281	5391.5855606918185	251802.58582834332
2	256281	5542.184105552534	252597.499001996
3	257841	5510.717373252276	253406.16766467065
4	257841	5431.391049825373	254265.39221556886
5	257841	5480.042260548951	255126.6996007984
6	259235	5814.7053427068895	255702.85429141717
7	259235	5482.229077479959	256847.41716566865
8	259235	5736.759613553995	257429.21057884232
9	264893	5923.383911781847	258129.70758483035
10	264893	5948.293191794312	258778.31836327346
11	264893	6170.519318838425	259393.45908183634
12	264936	6281.740713694331	260145.45508982035
13	265209	6203.090123354847	261239.86427145707
14	265209	6564.016131251543	261859.97005988023
15	265209	6286.460740715799	262898.22954091814
16	267264	6980.118194274281	263323.3502994012
17	267264	6308.9099108699465	264681.70658682636
18	267264	6952.724298865132	265207.77045908186
19	268951	7066.038737217164	266042.9181636727
20	273235	7121.803539708888	266995.4071856287
21	273235	7257.570061234369	267682.9910179641
22	273235	7511.016047850427	268421.34730538924
23	274030	7557.763619296825	269231.30938123754
24	274030	7513.321284269203	270108.630738523
25	274030	7863.660241340699	270851.370259481
26	274030	8378.43259221537	271513.999001996
27	278180	8625.6567294389	272404.619760479
28	278180	8539.328723420538	273167.0728542914
29	278180	8868.666810878107	273993.630738523
30	282533	9065.327761181788	274929.28243512975
31	282533	9147.13948479107	275748.96806387225
32	282533	9745.068848845758	276312.07984031935
33	282533	10157.608840449784	276946.3602794411
34	286720	9932.21912696675	278006.0558882236
35	286720	10174.898009404104	278626.5349301397
36	286720	10116.653363125406	279524.70858283434
37	286720	10651.433545598033	280132.88123752497
38	286720	10128.981493936066	281023.38223552896
39	286720	10809.562836664585	281495.4001996008
40	287769	11432.004487474756	281668.48403193615
41	289275	10974.956740388092	282582.1846307385
42	289275	11081.909186614253	283240.3423153693
43	289275	11309.248526294008	283721.84431137727
44	289275	12317.902479351776	283462.36526946106
45	289275	11467.790218018583	284655.7035928144
46	291280	11811.73883821517	285178.5768463074
47	291280	12837.934721666985	285039.9520958084
48	291280	12984.010223753266	285458.9001996008
49	291280	13647.253249617379	285548.8403193613
50	291280	13441.942615810043	286107.47804391215
51	293385	13912.75671957172	286452.05888223555
52	293385	14466.536178100314	286541.4650698603
53	293385	13756.898601496123	287588.03193612775
54	300018	13087.800400483218	288748.51696606784
55	300018	13252.552021802861	289437.5938123753
56	300018	13843.483817149414	289784.2025948104
57	300018	14253.906748420899	290227.91217564873
58	300018	14343.24745058566	290713.6956087824
59	300018	14982.116185757455	290909.6397205589
60	300018	14273.144458240242	292098.5998003992
61	300018	15250.492162696262	292167.82035928144
62	302418	14674.37591011714	293086.9650698603
63	302418	14885.57674168966	293568.82035928144
64	302418	14165.125022069335	294615.23053892213
65	302418	14855.598314814155	294828.5099800399
66	302418	14635.002200101038	295659.89221556886
67	302418	15330.506019023425	295696.57984031935
68	302418	15393.14167985633	296248.624750499
69	302901	15249.191223782847	297075.50499001995
70	304868	16649.5147589739	296485.000998004
71	304868	16109.249813730565	297453.54191616765
72	304868	14765.484037834436	298935.76447105786
73	304868	16201.884688535692	298609.7105788423
74	305686	15021.484520045562	299638.376247505
75	308608	17363.320628074503	298658.6946107784
76	308608	16586.54591440767	299559.749500998
77	308608	17979.238597960833	299167.7035928144
78	308608	17723.025748755077	299660.1876247505
79	308608	18220.30346997702	299902.41117764474
80	308608	18784.53801071943	299913.1936127744
81	310605	19030.434082790638	299834.1007984032
82	310605	17663.274553790874	301668.7045908184
83	310605	18194.709252439847	301634.3133732535
84	312131	18539.898402185634	301604.380239521
85	312131	19521.683524612738	301425.41217564873
86	312131	19051.511111287724	302193.1087824351
87	312131	18704.565354641323	302894.376247505
88	312131	19016.492232878518	303092.18962075847
89	312131	19276.4719999109	303355.57984031935
90	312131	19390.637727405112	303787.1516966068
91	312434	20100.58967732038	303676.69760479045
92	312602	18586.568753244024	305204.1576846307
93	312602	20332.446233018047	304222.4540918164
94	312602	20462.037892133452	304609.68063872255
95	315154	19794.56787676303	305418.4640718563
96	315154	19992.302131764813	305708.2135728543
97	315154	20837.517788794208	305277.96706586826
98	315154	21048.633130710998	305400.0079840319
99	315154	21424.555910714837	305692.32934131735
100	315154	21370.786754821343	305697.54391217564
101	315885	22065.795663740988	305367.1506986028
102	315945	21620.95146904169	306079.25648702594
103	315945	20826.36692904829	307297.76746506983
104	315945	21116.88194410886	307358.97704590816
105	316312	21981.616459710138	307375.0548902196
106	316312	21570.373531400703	307833.1746506986
107	317537	21624.04323854837	308275.19061876246
108	318108	21064.031428959646	308875.04191616765
109	318108	20446.942962595775	309596.3043912176
110	319197	20749.638027727407	309885.09481037926
111	319197	21629.801507805205	309567.6007984032
112	319197	20437.962606147583	310640.9650698603
113	319197	22141.592600657572	309575.5459081836
114	319197	20310.85196609651	311656.51497005986
115	319197	20444.32062510016	311726.8612774451
116	320010	21115.69831915762	311501.9061876247
117	320010	20693.2428776325	312173.5548902196
118	320010	20923.09017869812	312423.02095808386
119	320440	21891.375589660598	312158.0469061876
120	320440	20823.168470418248	313183.7894211577
121	320440	18564.272853326456	315185.5718562874
122	320440	20176.72690284109	314293.6487025948
123	321821	20101.1280249269	314870.0249500998
124	321821	21837.070976800755	313987.2005988024
125	322747	20651.988134901898	315073.2584830339
126	322747	22358.135967731418	314068.35528942116
127	324624	22070.11651934229	314617.65469061874
128	324624	21523.04419877065	315237.82934131735
129	324624	22003.50051447267	315052.9181636727
130	324624	22666.947536472202	314797.31936127745
131	324624	22393.77847657618	315469.6097804391
132	324624	22124.2578165388	315790.13173652696
133	324667	22691.622092193076	315601.1996007984
134	324667	22461.508189347147	315944.06886227545
135	324667	21873.056730010732	316673.5389221557
136	325784	22884.423844856683	316198.7205588822
137	325784	22656.22760888276	316846.7035928144
138	325784	23043.584550083597	316560.6367265469
139	327204	21786.153125021694	317750.0109780439
140	327204	23378.097611902092	316992.22654690617
141	327204	22741.463859177147	317658.4011976048
142	327204	23494.671654363516	317368.499001996
143	327204	24414.989565287287	316768.02095808386
144	327204	24314.57649621833	317133.3912175649
145	327204	22893.140350758913	318458.6666666667
146	327204	23574.590538639462	318279.89321357285
147	327204	24965.686684569413	317328.1387225549
148	328413	24465.169384945708	317986.25249501
149	328842	25312.438076447714	317459.69760479045
150	328842	24978.548703523014	318030.24550898204
151	328842	24700.346625210932	318417.32834331336
152	328842	26000.066686791397	317598.67065868265
153	328842	24918.084624116942	318560.79041916167
154	328909	23126.804116501673	320542.0728542914
155	329126	23535.73461937469	320321.3962075848
156	329126	25012.371559227628	319596.85828343313
157	330724	23955.815318026525	320403.4131736527
158	330724	24814.592946325905	320151.3063872256
159	330724	22700.998704241403	321985.1477045908
160	330724	23684.095741246296	321519.52994011977
161	330724	24430.668106876896	321258.5998003992
162	330724	21785.31995393135	323284.45708582836
163	330724	20085.852297042216	324705.75548902195
164	330724	23899.013750811147	322626.7874251497
165	330899	23081.775407395413	323222.622754491
166	330899	23843.722424580978	323033.05888223555
167	331108	22610.17869970039	324139.3612774451
168	331340	24229.88376837558	323248.5089820359
169	332480	24367.31360880737	323354.4550898204
170	332480	20655.907384359747	326017.74750499
171	332480	21645.186462555655	325753.55189620756
172	334077	22115.392734035697	325650.5089820359
173	334077	23115.960644678395	325240.96606786427
174	334077	25958.397980253758	323335.76347305387
175	334252	24100.41895830829	324945.58083832334
176	334252	24645.547052203445	324886.14171656687
177	334252	25117.013695079662	324742.2984031936
178	334724	24450.611066580932	325264.54191616765
179	334724	26330.04581541016	324071.04191616765
180	334724	22682.00879202612	327085.871257485
181	334724	21397.138534270078	328069.4520958084
182	334724	24304.576142056503	326592.7964071856
183	335297	24306.847063861525	326822.8522954092
184	335297	25005.517480265215	326475.81936127745
185	335297	25417.57879118329	326223.1017964072
186	335297	25943.022981284583	325948.2145708583
187	335782	23973.181966816235	327614.55289421155
188	335782	23510.6448146247	328144.0628742515
189	335782	22475.23576474172	328742.875249501
190	335782	24304.00198866507	327888.0479041916
191	335782	24311.23778006286	327870.376247505
192	335782	22205.475115719873	329432.7375249501
193	335782	23275.03733168034	328733.44910179643
194	335782	22271.506694728105	329608.5269461078
195	335782	23501.31721211834	328979.2784431138
196	335918	24124.90715315201	328440.76646706584
197	336372	25341.664138378183	327828.82035928144
198	336412	22714.466747399652	329768.6487025948
199	336412	22165.719631236483	330141.76646706584
200	336412	23675.756727542437	329490.871257485
201	336412	23159.755206244972	329878.94910179643
202	336412	23677.881188455645	329588.71956087823
203	336412	22687.590634724518	330363.872255489
204	336877	24368.58391062611	329421.4261477046
205	336891	24089.227908197514	329746.7864271457
206	337027	24297.356799014196	329560.5668662675
207	338587	23713.40142752686	330237.2135728543
208	338587	24698.891321012186	329548.66966067866
209	338587	25013.846866921947	329554.126746507
210	338587	23674.031087183157	330456.34630738525
211	338587	21083.865782400746	332181.24750499
212	338587	22820.183530261682	331369.5728542914
213	338587	24046.34522844694	330847.500998004
214	338587	19628.78332103655	333252.7854291417
215	338587	20813.34697815439	332877.4451097804
216	338587	19114.53782760011	333857.25249501
217	338696	19946.664127033568	333474.1626746507
218	338696	18447.04169462411	334267.1626746507
219	338696	20076.005397533077	333537.500998004
220	338878	19945.742175710035	333733.61676646705
221	338878	18518.731524266193	334634.4141716567
222	338878	16658.276408425572	335489.05988023954
223	338878	17518.064406224144	335239.83033932134
224	339108	18656.09520581021	334778.5768463074
225	339108	16706.40771157805	335655.1866267465
226	339108	16510.928764001084	335774.54391217564
227	339108	16294.521314567897	335925.2984031936
228	339258	17848.374238279	335304.13173652696
229	339258	16430.04494482875	335718.0548902196
230	339258	15754.4968340673	336099.8393213573
231	339258	14162.898494582581	336769.1017964072
232	339258	16404.644869664797	336017.25249501
233	339258	15444.681636467976	336539.8892215569
234	339258	15088.817108943887	336664.126746507
235	339258	15961.320608755848	336414.28243512975
236	339258	18573.02894069181	335238.35628742515
237	339258	18716.571681068483	335152.7105788423
238	339258	16650.372790279267	336061.30738522956
239	339258	17533.666202968412	335704.0369261477
240	339258	16068.164283934873	336256.32834331336
241	339258	15711.216364012143	336460.1397205589
242	339258	16641.30290735083	336037.54291417164
243	339258	17229.51384143831	335896.05888223555
244	339258	14512.304115997875	336897.00598802394
245	339258	16078.117775173016	336348.05888223555
246	339258	16611.403245267287	336061.123752495
247	339258	17016.02534187814	335944.7974051896
248	339258	15959.078342360348	336414.8393213573
249	339258	17942.227624802345	335563.10778443114
250	339258	14726.29278444112	336768.8872255489
251	339258	14631.588997600762	336831.14371257485
252	339258	16166.206545156947	336281.5758483034
253	339258	17255.838544061156	335842.54391217564
254	339258	15226.080970943729	336639.2375249501
255	339258	20023.144101815833	334475.16167664673
256	339258	15866.391520775733	336398.4920159681
257	339258	17678.55488253041	335661.30239520955
258	339258	18243.364241532243	335453.95608782436
259	339258	16417.271221429706	336188.6487025948
260	339258	15533.798694335239	336541.21656686626
261	339258	16488.199661520965	336129.7794411178
262	339258	16400.225212321246	336158.2025948104
263	339258	14497.179328016011	336857.751497006
264	339258	17068.257558910005	335972.9251497006
265	339258	17711.48670671032	335759.11676646705
266	339258	16151.08417580293	336256.5239520958
267	339258	15938.849486518562	336369.63273453095
268	339258	16277.558454108665	336160.5658682635
269	339258	18424.14739434687	335318.8353293413
270	339258	17784.844295920757	335644.01497005986
271	339258	15363.153940400698	336566.0868263473
272	339258	16099.94576972751	336344.58083832334
273	339258	16358.700387074234	336111.5898203593
274	339258	16193.733384956513	336235.33133732533
275	339258	16097.889653484848	336296.28243512975
276	339258	19117.920476085976	334982.4650698603
277	339258	18199.251363170562	335463.3502994012
278	339258	16824.390218622983	336065.8123752495
279	339258	17697.58435583355	335613.14171656687
280	339258	16882.062784199963	336004.97804391215
281	339258	18278.025068015435	335359.0748502994
282	339258	16575.90483229824	336143.5898203593
283	339258	15687.477188431001	336414.13373253495
284	339258	14259.974770523475	336935.2764471058
285	339258	15305.671164260646	336574.80339321354
286	339258	17168.270198712707	335908.5828343313
287	339258	17463.718868238768	335775.3243512974
288	339258	16701.743302007362	336051.1856287425
289	339258	15598.835581875708	336408.6566866267
290	339258	17378.828321499004	335817.99401197606
291	339258	18537.69006818298	335221.39321357285
292	339258	17659.923934886217	335717.23353293416
293	339258	16383.897385547729	336239.21956087823
294	339258	16908.923045840045	336003.6836327345
295	339258	17308.17629918353	335785.3902195609
296	339258	17992.08259321517	335565.5858283433
297	339258	16290.517856058592	336218.4231536926
298	339258	16963.553937150216	335947.0648702595
299	339258	17495.14527993762	335717.70958083833
300	339258	18825.11509326317	335187.6776447106
301	339258	17339.858060309154	335921.7125748503
302	339258	17191.31710138347	335853
303	339258	17574.85872155751	335663.0848303393
304	339258	14088.10758396114	337011.97904191614
305	339258	17332.49669798281	335873.5558882236
306	339258	15702.632562671175	336446.6636726547
307	339258	15727.705409637198	336463.1736526946
308	339258	15647.64676112077	336443.3143712575
309	339258	14616.88906771883	336834.14471057884
310	339258	18706.20031459847	335213.64271457086
311	339258	15901.545259030005	336242.0489021956
312	339258	15146.784884771141	336660.5249500998
313	339258	16859.253147643776	335993.7594810379
314	339258	15731.832481873766	336455.30139720556
315	339258	17752.82755182789	335695.84530938126
316	339258	19920.542772902594	334615.79141716566
317	339258	21467.809031269302	333752.872255489
318	339258	17903.01996765258	335401.380239521
319	339258	17750.399280491107	335596.1856287425
320	339258	17250.696194633285	335937.4241516966
321	339258	17153.402620120545	335918.20858283434
322	339258	17194.036814919036	335901.2684630739
323	339258	13244.954300666028	337278.1407185629
324	339258	17570.744327899298	335648.94211576844
325	339258	15862.281348146238	336342.32934131735
326	339258	16006.171072928579	336356.9730538922
327	339258	15222.240552334191	336641.97904191614
328	339258	18874.006757442767	335179.39321357285
329	339258	15696.547982643702	336556.4500998004
330	339258	15862.913724189704	336480.624750499
331	339258	17082.798376327344	335969.9141716567
332	339258	17836.553618659167	335604.5469061876
333	339258	17317.109205975743	335831.1516966068
334	339258	16752.6907933126	336080.04291417164
335	339258	17079.933075636218	335923.8003992016
336	339258	18344.527658262756	335407.5269461078
337	339258	17658.183833681414	335577.871257485
338	339258	16895.69081498891	335962.82934131735
339	339258	18126.614041576897	335394.55988023954
340	339258	13299.174999553763	337250.7235528942
341	339258	17909.089230764803	335525.88423153694
342	339258	18743.923742871753	335215.5928143713
343	339258	15195.318416518196	336691.8363273453
344	339258	15572.471976023839	336578.2614770459
345	339258	20083.71953617756	334620.93113772455
346	339258	15870.309363121845	336367.50499001995
347	339258	19065.84641117228	335052.1736526946
348	339258	18781.678980706463	335149.621756487
349	339258	13293.900711551509	337268.4011976048
350	339258	17519.34757511475	335744.34730538924
351	339258	17284.27300574193	335793.4880239521
352	339258	18533.299633231996	335297.91916167666
353	339258	15016.63147345522	336637.9750499002
354	339258	16065.913353753267	336256.28043912177
355	339258	20577.136989924275	334406.2215568862
356	339258	17016.310008836375	335935.8912175649
357	339258	19181.607633327072	335039.63473053894
358	339258	15913.736372416071	336349.30938123754
359	339258	14911.220190229915	336736.25648702594
360	339258	16457.711282012006	336098.0359281437
361	339258	16372.908090513683	336202.56886227545
362	339258	17583.317102756006	335614.05988023954
363	339258	13947.443187611043	337053.59680638724
364	339258	16098.746904854863	336295.5449101796
365	339258	15567.924524671469	336488.130738523
366	339258	18407.717322699547	335421.0868263473
367	339258	15449.525639735071	336505.69261477044
368	339258	16955.21600792311	335950.77045908186
369	339258	17141.20638166802	335958.04291417164
370	339258	16397.646496699424	336213.1886227545
371	339258	14303.213067455745	336976.9461077844
372	339258	17689.24457671079	335708.4540918164
373	339258	13230.386436811385	337281.6606786427
374	339258	16461.749853777073	336186.3003992016
375	339258	19844.02775659648	334694.5179640719
376	339258	16019.06583744904	336354.9870259481
377	339258	16998.166207419683	335940.5548902196
378	339258	17345.62696211	335871.06786427146
379	339258	16883.771376300447	336012.61576846306
380	339258	16092.718947300775	336299.92215568863
381	339258	16990.189335305222	335945.1666666667
382	339258	16383.362737173413	336242.1776447106
383	339258	19067.390158086	335086.57984031935
384	339258	13865.362305850715	337139.5109780439
385	339258	18315.991205438146	335486.05888223555
386	339258	16618.61794682597	336159.1137724551
387	339258	17351.62491115677	335870.7405189621
388	339258	15981.957966204534	336320.00598802394
389	339258	16634.56859605126	336128.59680638724
390	339258	14877.243886941344	336746.1037924152
391	339258	15611.665020330485	336509.5279441118
392	339258	15741.287959111303	336504.48502994014
393	339258	14342.20995259093	336926.34530938126
394	339258	16740.807810627437	335994.2395209581
395	339258	16280.15819784494	336264.31936127745
396	339258	18766.390768055895	335248.8323353293
397	339258	17532.604525600556	335814.9620758483
398	339258	16057.695822910922	336304.91217564873
399	339258	16232.225418259477	336224.3612774451
400	339258	15263.497147019685	336628.9241516966
401	339258	16595.919782381516	336112.6666666667
402	339258	15197.882250803648	336641.5479041916
403	339258	16460.83458192212	336230.2594810379
404	339258	15948.210642857055	336368.79441117763
405	339258	19183.33052577218	335015.25648702594
406	339258	15919.186966572763	336372.9750499002
407	339258	16812.608278868804	336023.5259481038
408	339258	17841.345725891653	335631.88223552896
409	339258	18829.856621581486	335280.72954091814
410	339258	17413.09085645806	335765.8063872256
411	339258	17588.446731022486	335682.42215568863
412	339258	14838.509381702761	336750.2415169661
413	339258	19068.484858657364	335036.872255489
414	339258	18305.609427785224	335442.55788423156
415	339258	13264.213153058201	337184.5129740519
416	339258	17822.52304891281	335687.39221556886
417	339258	16897.102127911334	335965.0748502994
418	339258	18248.830662828397	335433.2115768463
419	339258	15457.787793294452	336598.6626746507
420	339258	14966.264592318534	336773.4630738523
421	339258	15860.070813189708	336388.4461077844
422	339258	18326.489471191155	335393.85528942116
423	339258	16293.323784422455	336213.92914171657
424	339258	16391.566632410188	336185.875249501
425	339258	17419.983457544804	335767.0469061876
426	339258	15546.628395713135	336491.7854291417
427	339258	16408.523894181257	336190.48602794413
428	339258	15593.13965430947	336528.31736526947
429	339258	15443.48274245831	336423.19261477044
430	339258	15899.993492043362	336471.95608782436
431	339258	15412.583392694687	336652.24550898204
432	339258	16383.645315691374	336149.6107784431
433	339258	15640.856910028579	336385.7225548902
434	339258	16618.748108246138	336106.4331337325
435	339258	18190.282400027954	335465.9620758483
436	339258	18814.304173162505	335143.55189620756
437	339258	18102.90232029644	335484.86826347304
438	339258	13949.686141565993	337035.7115768463
439	339258	16378.488720058991	336195.73353293416
440	339258	15821.189882265737	336530.89520958083
441	339258	14404.139840791287	336963.249500998
442	339258	18538.398079086495	335313.14471057884
443	339258	17051.015004526376	335977.3413173653
444	339258	16570.540158581072	336161.4530938124
445	339258	17249.61355592125	335891.91916167666
446	339258	13021.593462587487	337284.4640718563
447	339258	14848.373744990757	336796.11477045907
448	339258	16394.888643804352	336192.5459081836
449	339258	14663.480725649528	336826.29041916167
450	339258	15159.814952038927	336649.31836327346
451	339258	19314.900443779075	334825.93113772455
452	339258	18062.129309947613	335529.4550898204
453	339258	16292.500474909759	336260.3592814371
454	339258	16080.736583995817	336391.5868263473
455	339258	17093.48394488973	335922.81736526947
456	339258	17272.95067090915	335835.4371257485
457	339258	14763.1165767401	336761.46806387225
458	339258	16051.369808447587	336350.57884231536
459	339258	17894.22836250313	335671.51996007987
460	339258	16884.425804308416	335964.2844311377
461	339258	16769.663001636232	336012.0369261477
462	339258	18076.13447479383	335367.4890219561
463	339258	15525.320491933726	336537.9630738523
464	339258	14233.0297022419	336943.124750499
465	339258	18032.07262594649	335544.25548902195
466	339258	13871.304053280901	337091.9640718563
467	339258	15539.285530036093	336534.58782435127
468	339258	16899.111398948644	336007.70558882237
469	339258	15127.929509339438	336653.0648702595
470	339258	18800.258504951344	335147.36726546905
471	339258	19602.32762756236	334740.6836327345
472	339258	15931.925876656433	336360.53293413174
473	339258	16348.332908188402	336282.8323353293
474	339258	18620.22625367973	335231.99401197606
475	339258	16806.446296875252	336038.3223552894
476	339258	17128.364193549412	335915.13473053894
477	339258	16301.540849412959	336258.55788423156
478	339258	16734.55629634354	336027.5239520958
479	339258	16355.435374883818	336246.18063872255
480	339258	17441.216581465906	335805.31836327346
481	339258	18007.151969841703	335446.0628742515
482	339258	18794.71253471844	335099.99401197606
483	339258	16056.439494794522	336305.73053892213
484	339258	16858.06957714291	335939.6636726547
485	339258	17540.269345457265	335749.3433133733
486	339258	18122.406611245628	335448.8892215569
487	339258	15638.346523818771	336471.4261477046
488	339258	18076.236651761938	335488.2385229541
489	339258	15610.64937009179	336492.3962075848
490	339258	16212.397440337121	336190.34431137727
491	339258	16929.621691486955	335951.8882235529
492	339258	16406.605808678978	336150.8642714571
493	339258	15441.348473819613	336598.748502994
494	339258	15609.239553895068	336387.5129740519
495	339258	15086.914133740607	336663.81836327346
496	339258	17460.403347449006	335756.77145708585
497	339258	18607.860313385518	335346.9361277445
498	339258	16696.32728370859	336023.46806387225
499	339258	17805.913442871926	335587.5768463074
500	339258	15347.896135251844	336573.7794411178
501	339258	14210.262332280727	336991.9151696607
502	339258	17369.75906042332	335771.99500998005
503	339258	16698.680158325904	336091.08882235526
504	339258	18280.723490156317	335412.9890219561
505	339258	17048.481358225286	336022.0249500998
506	339258	17121.939402329026	335915.2235528942
507	339258	15767.659083878709	336365.05988023954
508	339258	18928.065494278726	335094.2045908184
509	339258	18681.978729317798	335184.2235528942
510	339258	18639.954454860967	335285.2225548902
511	339258	18131.24951414552	335479.121756487
512	339258	15878.809892271205	336342.49600798404
513	339258	15166.283469114784	336647.83832335327
514	339258	17628.830821581163	335768.2894211577
515	339258	17520.493255759455	335747.0628742515
516	339258	17555.493866421988	335739.19760479045
517	339258	15905.332555375036	336426.07884231536
518	339258	16512.82709459039	336171.83133732533
519	339258	16556.13325004216	336097.53393213573
520	339258	15050.61878139027	336716.8602794411
521	339258	16770.99808022531	336032.3862275449
522	339258	16625.600817962637	336104.0469061876
523	339258	15588.626230066051	336480.26347305387
524	339258	15893.025813493876	336424.9540918164
525	339258	17556.278607285207	335783.16966067866
526	339258	17252.661223667412	335847.0079840319
527	339258	17834.106401496327	335586.8862275449
528	339258	17955.49709993292	335608.01397205587
529	339258	18033.364346283277	335593.0868263473
530	339258	18596.465369644826	335254.05788423156
531	339258	15870.669122522426	336381.5389221557
532	339258	16225.916506648793	336221.0279441118
533	339258	17121.974189685247	335965.4900199601
534	339258	16187.203870151034	336186.7035928144
535	339258	16120.712306097937	336294.6766467066
536	339258	17400.548968856554	335765.09481037926
537	339258	17829.154184562223	335639.8353293413
538	339258	17235.544106403908	335935.8063872256
539	339258	18051.6822460337	335426.4061876247
540	339258	17556.835493417544	335784.2375249501
541	339258	17613.755858704066	335692.1117764471
542	339258	19266.249779639795	335095.96906187624
543	339258	17064.857346755623	335925.9251497006
544	339258	17018.630421830407	335980.6736526946
545	339258	14470.675823801676	336877.5119760479
546	339258	15617.983857010653	336521.75449101796
547	339258	16122.057867774949	336337.0349301397
548	339258	14071.23009388593	337025.2155688623
549	339258	15522.021552378439	336538.77345309383
550	339258	18432.973557254212	335316.41117764474
551	339258	18312.073277095653	335348.0239520958
552	339258	18313.99786230664	335392.57884231536
553	339258	17389.84480598214	335816.9331337325
554	339258	14309.023210589256	336894.3902195609
555	339258	15209.347677885175	336594.81736526947
556	339258	16867.132004795872	335967.4650698603
557	339258	18440.383243194436	335281.3642714571
558	339258	17495.803770095765	335690.44311377243
559	339258	17349.621300395356	335823.5099800399
560	339258	16961.76902129165	335944.9451097804
561	339258	17689.847814086013	335665.19161676645
562	339258	17715.922005737193	335538.85828343313
563	339258	18584.683741793928	335124.2315369261
564	339258	17857.80748530214	335478.2135728543
565	339258	18329.27417635384	335294.8263473054
566	339258	17584.616237138915	335638.66966067866
567	339258	16697.176918309448	336049.2854291417
568	339258	15588.64740375505	336576.7754491018
569	339258	18896.208481583948	335177.50598802394
570	339258	14994.15470996811	336770.5239520958
571	339258	14833.337122722167	336749.65469061874
572	339258	17384.20812016814	335817.93912175647
573	339258	18347.948328805734	335468.8433133733
574	339258	15283.623972694975	336580.7754491018
575	339258	16279.628641701365	336213.4101796407
576	339258	15465.402149697791	336553.3862275449
577	339258	17439.536757298996	335803.40518962074
578	339258	16720.350629163353	335995.0259481038
579	339258	15955.185420373451	336372.2135728543
580	339258	17057.978754593918	335926.4441117764
581	339258	16919.88577952444	335996.4131736527
582	339258	15951.425737358186	336321.0499001996
583	339258	16697.27956592906	336044.44710578845
584	339258	17833.75458175646	335701.90419161675
585	339258	18387.01956766856	335373.05988023954
586	339258	17530.392802371025	335740.6876247505
587	339258	18080.312733837694	335494.07784431137
588	339258	17622.189749739886	335705.46706586826
589	339258	18945.691358901084	335258.01397205587
590	339258	18981.97575277062	335097.93113772455
591	339258	17284.85540268159	335804.3433133733
592	339258	15875.291711955098	336387.13173652696
593	339258	15340.615412328409	336623.94710578845
594	339258	16383.469463300828	336247.45608782436
595	339258	17474.207707412465	335806.2864271457
596	339258	18030.747036534627	335563.5479041916
597	339258	17204.738330496446	335806.869261477
598	339258	18272.402028932534	335365.8153692615
599	339258	16653.011082225945	336147.03393213573
600	339258	18174.172038114928	335520.1367265469
601	339258	16814.10078409973	336065.9371257485
602	339258	17524.25460728527	335793.5
603	339258	16322.229301475874	336293.69261477044
604	339258	18510.607515188596	335255.3253493014
605	339258	17229.341912137417	335811.52095808386
606	339258	14213.94347182906	336946.2974051896
607	339258	16870.83023550051	336059.3972055888
608	339258	16136.75413816343	336252.127744511
609	339258	15550.613672831218	336507.26946107787
610	339258	15090.016704312318	336706.2954091816
611	339258	18341.627051142263	335383.86626746505
612	339258	14305.801654654704	336883.40419161675
613	339258	17254.875823853392	335798.4530938124
614	339258	16890.460420066258	336008.55888223555
615	339258	18115.142147148745	335481.90219560877
616	339258	17447.008838437796	335714.0079840319
617	339258	19296.239490934266	334830.9451097804
618	339258	17991.210896071523	335558.57784431137
619	339258	15739.32399242062	336455.749500998
620	339258	15866.555614213776	336354.998003992
621	339258	15476.683819247488	336551.000998004
622	339258	16135.547062985595	336337.1846307385
623	339258	15228.217597890145	336639.122754491
624	339258	17632.353848149978	335718.41117764474
625	339258	17409.914324237106	335765.4081836327
626	339258	17027.60137971244	335980.870259481
627	339258	15428.543776902638	336507.19760479045
628	339258	19800.061020536064	334781.4441117764
629	339258	16021.556453957315	336360.6946107784
630	339258	15572.016031773457	336440.02994011977
631	339258	17289.132598310698	335884.18962075847
632	339258	15009.289525402492	336674.46706586826
633	339258	18582.661859259562	335285.23353293416
634	339258	17086.89100378272	335829.9740518962
635	339258	14572.820427336172	336840.25548902195
636	339258	17915.836764221156	335604.5728542914
637	339258	16007.95968567917	336406.880239521
638	339258	17148.53072938806	335866.18163672654
639	339258	16168.763607416955	336280.751497006
640	339258	14433.7926675641	336907.6656686627
641	339258	15850.330768183436	336389.4351297405
642	339258	16598.819626953027	336144.8273453094
643	339258	15678.832247899818	336475.73652694613
644	339258	17351.301649231336	335788.53093812376
645	339258	15521.672311517008	336380.5838323353
646	339258	16201.715006722061	336279.6107784431
647	339258	18392.608225544747	335421.15568862273
648	339258	18002.220734626622	335519.01996007987
649	339258	16828.99543496453	336017.124750499
650	339258	16359.750629521373	336201.9351297405
651	339258	15543.40302335755	336488.7105788423
652	339258	19634.997947684034	334775.00598802394
653	339258	18133.534068112112	335436.9061876247
654	339258	16091.148509554929	336320.55988023954
655	339258	17256.27900209531	335937.95708582836
656	339258	17878.48021562832	335626.1467065868
657	339258	16691.23988048508	336094.05788423156
658	339258	17866.913131496425	335671.5848303393
659	339258	15814.125905471374	336361.8872255489
660	339258	16712.569685462753	336041.81836327346
661	339258	16346.282802539734	336205.04391217564
662	339258	16640.57698762802	336101.66966067866
663	339258	17027.177916916015	335915.619760479
664	339258	14463.879453340925	336904.8982035928
665	339258	17744.9555419735	335557.88522954093
666	339258	17298.045243144777	335769.25249501
667	339258	19408.301977862764	334919.81736526947
668	339258	14479.368822402474	336902.625748503
669	339258	16161.244496558009	336206.77045908186
670	339258	16306.747198454275	336118.497005988
671	339258	16352.48253784891	336205.31936127745
672	339258	14646.213591021558	336828.1776447106
673	339258	14938.482796279708	336660.000998004
674	339258	15498.706849633509	336543.4251497006
675	339258	13543.199757365972	337142.3243512974
676	339258	17344.63915499295	335728.15369261475
677	339258	15641.82890246741	336457.53193612775
678	339258	16349.007065593032	336131.8512974052
679	339258	15969.807075696244	336331.8622754491
680	339258	16420.172562046995	336283.38123752497
681	339258	18047.00593338935	335546.00698602793
682	339258	16712.96781228773	336089.6636726547
683	339258	16316.338902729785	336299.2235528942
684	339258	14801.12733442923	336801.89221556886
685	339258	14339.157229657707	336922.873253493
686	339258	14815.25453691859	336754.7994011976
687	339258	19038.753041597898	335095.6676646707
688	339258	15993.983697751088	336362.49301397207
689	339258	17153.922000351096	335898.749500998
690	339258	18114.96782240685	335483.03093812376
691	339258	17137.220209995157	335825.871257485
692	339258	16157.357201735282	336334.65568862273
693	339258	17530.053144225734	335740.0858283433
694	339258	19653.453433088314	334819.5089820359
695	339258	18694.51111709605	335268.21856287424
696	339258	16842.427010398824	336113.1836327345
697	339258	18726.011771999554	335169.41916167666
698	339258	17629.13875412722	335715.0389221557
699	339258	18057.03444879634	335585.5489021956
700	339258	17061.00282834541	335890.26746506983
701	339258	15564.926810772518	336449.3353293413
702	339258	18589.126355805995	335331.9530938124
703	339258	16848.213608804603	335969.8612774451
704	339258	18044.251190685925	335586.24550898204
705	339258	17407.576148011434	335766.67964071856
706	339258	16464.34555394627	336227.08782435127
707	339258	15240.788612479204	336634.35628742515
708	339258	13873.821567951072	337136.48403193615
709	339258	15262.293024521829	336588.9091816367
710	339258	16242.690982903974	336267.49500998005
711	339258	15178.12928124301	336643.38223552896
712	339258	19429.692889107966	334916.1007984032
713	339258	19041.071556311563	335167.80938123754
714	339258	14748.520196197922	336856.9630738523
715	339258	15664.933964080281	336470.91117764474
716	339258	16953.31596389705	335948.0099800399
717	339258	14958.161775451656	336730.4351297405
718	339258	16846.80932325208	335968.4540918164
719	339258	16275.378690352502	336266.628742515
720	339258	17378.289549861125	335789.497005988
721	339258	18401.623737847603	335327.71656686626
722	339258	17551.491933845617	335558.3403193613
723	339258	17551.76000124802	335738.6946107784
724	339258	15844.078583122404	336435.81936127745
725	339258	17838.75609205257	335593.625748503
726	339258	17671.671214599457	335711.5089820359
727	339258	14744.9064193117	336809.89321357285
728	339258	15367.644106601836	336610.02095808386
729	339258	16369.3908173412	336246.4231536926
730	339258	16467.876325557198	336117.65469061874
731	339258	17193.919884438485	335810.8882235529
732	339258	15282.706742080674	336626.11477045907
733	339258	16442.576628715957	336139.0748502994
734	339258	15690.863482525196	336512.7574850299
735	339258	17202.669488932013	335889.0449101796
736	339258	18188.330552142008	335517.2205588822
737	339258	14152.085847368246	336958.36826347304
738	339258	17016.87635979064	335941.9131736527
739	339258	15135.295111075373	336606.6516966068
740	339258	17297.46613952452	335788.36726546905
741	339258	16465.579270424107	336133.3353293413
742	339258	17294.508064906386	335841.26746506983
743	339258	16672.544018290944	336094.628742515
744	339258	19289.78254633424	334955.8502994012
745	339258	14900.518128341544	336706.6137724551
746	339258	17115.032081728954	335870.6367265469
747	339258	18646.203166936746	335250.64570858283
748	339258	16922.980535597297	336001.1027944112
749	339258	17280.63432651538	335784.42914171657
750	339258	14736.82628483983	336814.498003992
751	339258	17993.86869510711	335503.7025948104
752	339258	16856.691397254614	335931.34730538924
753	339258	15118.045175674795	336610.0179640719
754	339258	17846.83347458878	335631.92115768464
755	339258	17653.328431633472	335667.8323353293
756	339258	18191.407921575395	335558.30738522956
757	339258	17625.663886576025	335657.7614770459
758	339258	15587.094948690648	336484.8253493014
759	339258	14092.637624913958	337010.61876247503
760	339258	16641.481679987202	336103.0119760479
761	339258	15466.018215435592	336548.4171656687
762	339258	17255.28827152756	335888.6886227545
763	339258	18171.000164099383	335526.22854291415
764	339258	17522.726194777177	335739.57784431137
765	339258	15838.965256015865	336434.4710578842
766	339258	17762.221399446425	335636.001996008
767	339258	17360.905024093798	335771.60778443114
768	339258	17025.790227946298	335963.26447105786
769	339258	16366.828771507142	336179.4071856287
770	339258	16980.628999863457	335943.20658682636
771	339258	19026.187131996707	335093.4371257485
772	339258	15473.029126589314	336494.28143712576
773	339258	16385.920231517674	336242.40518962074
774	339258	19204.19377339013	334944.0399201597
775	339258	18005.202614497528	335513.4530938124
776	339258	16422.268327685375	336141.7255489022
777	339258	17619.48048744969	335722.8632734531
778	339258	17056.717268638018	335974.5908183633
779	339258	16260.924684186139	336265.89221556886
780	339258	16830.77229820982	336065.6846307385
781	339258	16072.33266468634	336302.119760479
782	339258	16189.169591051957	336328.379241517
783	339258	16424.331619616387	336186.2315369261
784	339258	16615.979063843763	336061.6846307385
785	339258	16031.44659875615	336356.1007984032
786	339258	14215.692802009682	336946.00698602793
787	339258	14925.801236999881	336734.8622754491
788	339258	16891.75463773395	336005.29441117763
789	339258	17917.758235660916	335532.8263473054
790	339258	16408.825847776694	336099.7145708583
791	339258	16858.365340586068	335993.6726546906
792	339258	17388.677025224508	335727.7794411178
793	339258	17127.528028942503	335837.58882235526
794	339258	16906.397038700015	336000.8622754491
795	339258	16360.625101384812	336125.69660678646
796	339258	16623.57936061381	336102.93213572854
797	339258	17491.558793145545	335753.9231536926
798	339258	17013.450492672397	335890.5648702595
799	339258	16349.898189721103	336203.4620758483
800	339258	17537.154248677074	335707.2405189621
801	339258	14903.13405731835	336736.8393213573
802	339258	16782.283490207818	336073.03393213573
803	339258	18966.671126706507	335111.1367265469
804	339258	17566.773129298283	335714.8972055888
805	339258	15736.859258805613	336418.43912175647
806	339258	18036.50480195659	335451.7754491018
807	339258	17864.08390480218	335579.2574850299
808	339258	14349.303286261918	336922.92215568863
809	339258	18373.43856028869	335378.3233532934
810	339258	16550.716376638746	336072.5998003992
811	339258	19096.45703542482	335033.78143712576
812	339258	16115.003447623692	336340.9371257485
813	339258	16405.305334670007	336189.80239520955
814	339258	17664.592894402078	335714.8243512974
815	339258	17469.82032636415	335800.4061876247
816	339258	13862.938060427137	337091.44011976046
817	339258	16579.361560873185	336073.5239520958
818	339258	17182.94992174309	335902.8912175649
819	339258	17526.65489073429	335680.0379241517
820	339258	17883.25513386573	335533.4141716567
821	339258	14127.53720558982	337004.76746506983
822	339258	16727.472567309847	336041.25548902195
823	339258	16851.43766600294	336064.58882235526
824	339258	17990.70831448159	335556.09780439123
825	339258	17426.943446585836	335765.871257485
826	339258	15812.647854357765	336444.35728542914
827	339258	16524.995607949073	336168.3003992016
828	339258	17135.50819388094	335837.249500998
829	339258	16199.273439347511	336230.3163672655
830	339258	15607.81451981856	336517.2115768463
831	339258	19628.86773452577	334798.6497005988
832	339258	16290.94628624329	336217.32035928144
833	339258	16545.115870166053	336050.35828343313
834	339258	16132.906304444585	336294.17065868265
835	339258	17963.10164412162	335533.7874251497
836	339258	14942.080567308009	336684.24550898204
837	339258	15639.364188315916	336517.1377245509
838	339258	17244.07519628821	335894.0858283433
839	339258	16851.373157480117	335946.0079840319
840	339258	15334.570176481562	336576.3253493014
841	339258	17454.268778002464	335850.0259481038
842	339258	13766.99083634354	337065.876247505
843	339258	17286.967109549263	335880.49600798404
844	339258	17589.767801006892	335773.6726546906
845	339258	15546.525777623023	336487.2584830339
846	339258	15981.687213692549	336364.1656686627
847	339258	19329.398035707058	334895.9720558882
848	339258	18618.447300921223	335194.68263473053
849	339258	16566.005649192186	336168.79341317364
850	339258	16870.983130147466	336010.60479041917
851	339258	19334.32728600097	334874.01397205587
852	339258	16083.401466533418	336343.6097804391
853	339258	14966.8610908499	336683.69161676645
854	339258	17105.186472365665	335920.45708582836
855	339258	16533.885579729078	336214.0079840319
856	339258	14823.592383204461	336758.4371257485
857	339258	17580.494479785528	335731.7764471058
858	339258	17243.853202266862	335893.19061876246
859	339258	16424.411745242487	336198.8253493014
860	339258	17090.94495865101	335888.0279441118
861	339258	17966.355198621048	335603.4810379241
862	339258	16077.969650063309	336299.3902195609
863	339258	14875.502519320677	336742.02195608785
864	339258	14251.781330102769	336987.70558882237
865	339258	17421.956810623877	335839.4880239521
866	339258	18556.836736071065	335263.8153692615
867	339258	18827.024713365205	335021.7125748503
868	339258	16720.755651402684	336094.7624750499
869	339258	16840.986452129964	335969.9500998004
870	339258	17371.427304857887	335793.78243512975
871	339258	16317.555629772536	336256.1596806387
872	339258	14791.237592611722	336754.86826347304
873	339258	15167.040614524758	336694.621756487
874	339258	16533.63033295709	336121.2145708583
875	339258	17392.30156644954	335815.11776447104
876	339258	16646.323560235316	336068.6017964072
877	339258	15603.225835312642	336477.9241516966
878	339258	16347.98863380199	336185.5848303393
879	339258	15279.941272175089	336626.8433133733
880	339258	15439.562885245972	336601.0918163673
881	339258	16947.13236492339	335904.119760479
882	339258	16563.32738659005	336210.1117764471
883	339258	15697.070479783439	336508.6467065868
884	339258	19802.7741255211	334689.8143712575
885	339258	18404.65163265775	335370.80838323355
886	339258	18912.173856288995	335076.97704590816
887	339258	17017.425317617686	335918.78143712576
888	339258	16451.567560921852	336169.89421157684
889	339258	17813.32065577067	335711.69061876246
890	339258	17918.06300823215	335569.8483033932
891	339258	17523.364113853626	335689.02095808386
892	339258	17272.634793639092	335791.121756487
893	339258	17881.690060121837	335580.17964071856
894	339258	16678.776678545044	336143.57884231536
895	339258	16985.02463501119	335989.4181636727
896	339258	17568.533044876196	335678.1127744511
897	339258	15461.418139369003	336550.9181636727
898	339258	17528.524025599487	335664.9261477046
899	339258	18483.956552922566	335402.2994011976
900	339258	17688.758528215236	335621.2984031936
901	339258	14719.674306068377	336861.05988023954
902	339258	17944.97914094644	335608.7025948104
903	339258	17009.335154886765	335946.0179640719
904	339258	14892.19401809011	336787.59680638724
905	339258	16079.674443665668	336252.70958083833
906	339258	16898.048654077942	336007.9900199601
907	339258	16269.16354094115	336263.1836327345
908	339258	15924.167379839266	336328.85828343313
909	339258	17673.963876612477	335714.73552894214
910	339258	15926.987320768489	336375.2405189621
911	339258	18126.096806903213	335571.7994011976
912	339258	17893.28377956335	335573.8433133733
913	339258	16142.417478261148	336286.7604790419
914	339258	19297.48967269581	334988.42914171657
915	339258	17134.279143718213	335899.6726546906
916	339258	16950.758860979102	335930.55888223555
917	339258	16201.030240226322	336327.10678642715
918	339258	16565.795965960173	336116.83832335327
919	339258	17983.599620367215	335647.96806387225
920	339258	19010.807545389966	335080.9251497006
921	339258	17529.959540052438	335669.23353293416
922	339258	15208.675849641852	336643.36626746505
923	339258	17326.356122647896	335736.85628742515
924	339258	16274.205557832645	336143.1726546906
925	339258	16495.282460968563	336270.0489021956
926	339258	16410.91762181716	336186.55688622757
927	339258	17313.045620325607	335828.619760479
928	339258	17699.76578859033	335592.5239520958
929	339258	19419.023947907583	334871.500998004
930	339258	14851.637300896362	336712.628742515
931	339258	14020.159098452807	337065.39321357285
932	339258	16143.888024610282	336288.3962075848
933	339258	17494.322043191234	335752.9810379241
934	339258	15352.503126517677	336523.00399201596
935	339258	17215.381934242687	335894.997005988
936	339258	16229.382924753629	336322.373253493
937	339258	18324.931661275867	335401.76746506983
938	339258	17012.205234750894	335984.4091816367
939	339258	19114.832345449657	334970.51596806385
940	339258	17128.210691744	335964.9730538922
941	339258	16347.795174009349	336296.1027944112
942	339258	16479.054396131527	336176.8403193613
943	339258	17578.55086663162	335686.0259481038
944	339258	17296.314866931327	335808.21656686626
945	339258	14987.479505060512	336675.34530938126
946	339258	16541.335858997798	336169.32035928144
947	339258	19027.76218335956	335049.94710578845
948	339258	15670.79209864442	336467.3253493014
949	339258	17436.33107686811	335852.81736526947
950	339258	13736.070187278954	337112.3502994012
951	339258	13899.834525374035	337043.86826347304
952	339258	17126.567679336662	335871.630738523
953	339258	17818.227682128527	335582.55089820357
954	339258	15801.35860878217	336380.0988023952
955	339258	13709.233920986586	337161.1137724551
956	339258	19049.872268093306	335044.8133732535
957	339258	18794.87985134666	335047.5728542914
958	339258	16621.604496629094	336074.9600798403
959	339258	12796.737519434766	337346.49301397207
960	339258	16327.559111389855	336254.7964071856
961	339258	14798.77703266192	336802.74550898204
962	339258	14812.33222550383	336779.3592814371
963	339258	15440.63255208343	336552.2894211577
964	339258	15894.617365001192	336378.9550898204
965	339258	14341.59247977882	336969.873253493
966	339258	16234.672535431575	336273.1137724551
967	339258	15480.650560898008	336556.5089820359
968	339258	17768.957260346055	335589.0828343313
969	339258	16917.687423689433	336049.0239520958
970	339258	18322.041168719235	335321.34630738525
971	339258	15371.962903199743	336562.63273453095
972	339258	15917.001607939788	336375.46606786427
973	339258	15059.236041549888	336668.6586826347
974	339258	18462.836708319443	335326.93213572854
975	339258	17723.858302943205	335584.58083832334
976	339258	19455.401428027635	334907.57784431137
977	339258	14622.83718253877	336877.51397205587
978	339258	15941.008386663227	336368.4081836327
979	339258	15777.464740631893	336452.94111776445
980	339258	15472.169435118367	336507.3642714571
981	339258	14762.110302035046	336770.0998003992
982	339258	15757.11999139451	336361.880239521
983	339258	15872.429204522627	336382.2155688623
984	339258	15866.683674232252	336332.7035928144
985	339258	15841.209025063343	336393.751497006
986	339258	14713.47803582173	336816.4001996008
987	339258	15856.345985063997	336432.4081836327
988	339258	16343.13555699359	336248.4510978044
989	339258	16205.768773206331	336275.6956087824
990	339258	17060.324513593627	335929.370259481
991	339258	18121.693507390755	335386.93213572854
992	339258	17136.210407676623	335829.61477045907
993	339258	16571.059126221317	336186.5848303393
994	339258	16833.09012814806	336023.8982035928
995	339258	17171.19307359504	335858.93113772455
996	339258	18416.82623715778	335327.36526946106
997	339258	16728.88158937855	336020.7994011976
998	339258	16109.991283127521	336246.3423153693
999	339258	17179.510883546776	335856.1866267465
