generation	best	sd	avg
0	259150	6696.720523573603	250343.251497006
1	260016	7554.459882179688	250558.89321357285
2	260317	7599.071932940398	250997.15069860278
3	261775	7606.096063657464	251237.4021956088
4	263934	7932.1546657314675	251187.1876247505
5	263934	7838.0434322980445	251363.21556886227
6	263934	7905.875749763414	251102.04391217564
7	269457	7989.859205696381	251467.03193612775
8	269457	7941.436028038148	251489.43013972056
9	269457	8299.308747600235	250986.92714570859
10	269457	8071.002702420092	251588.9111776447
11	269457	8183.243356538488	251277.27145708582
12	269457	8114.258432806359	251386.4351297405
13	269457	8180.291708457394	251216.62874251496
14	269457	8071.98891536613	251348.1487025948
15	269457	8252.482496006194	251427.40918163673
16	269457	8448.827511524236	251429.8383233533
17	269457	8461.65851679932	251642.70159680638
18	269457	8302.531345746682	251266.73353293413
19	269457	8423.449709560009	251415.16866267464
20	269457	8148.490426818981	251382.28043912177
21	269457	8378.63902669027	251506.97804391218
22	269457	8378.20367987326	251551.3153692615
23	269457	8536.79556400685	251553.37225548903
24	269457	8507.117823025914	251563.5
25	269457	8396.000778048317	251207.40818363274
26	269457	8345.307358035352	251505.95508982035
27	269457	8498.600848257209	251468.35828343313
28	269457	8369.816371405264	251310.21856287424
29	269457	8218.007285311936	251554.09381237524
30	269457	8464.0259063934	251230.05788423153
31	269457	8576.955469849165	251350.5598802395
32	269457	8413.895696374366	251329.77944111777
33	269457	8313.901185799385	251456.0618762475
34	269457	8608.012206081004	251714.2994011976
35	269623	8550.854180929062	251471.5758483034
36	269623	8357.377075877608	251566.76147704592
37	269623	8307.621453993199	251761.71756487025
38	269623	8422.049211800486	251607.4021956088
39	269623	8584.688117407259	251101.35429141717
40	269623	8412.889343348075	251486.32135728543
41	269623	8430.000799803043	251312.32035928144
42	269623	8800.264985356916	251181.63473053894
43	269623	8354.852070949873	251791.24351297406
44	269623	8465.623141203017	251507.63572854293
45	269623	8560.83848666668	251503.45409181635
46	269623	8546.415494117415	251569.95409181635
47	269623	8674.52489430274	251275.43313373253
48	269623	8412.129562409282	251435.9261477046
49	269623	8190.886849569266	251697.16467065868
50	269623	8211.72137034548	251815.40818363274
51	269623	8510.236223027168	251562.7864271457
52	269623	8707.002225248654	251335.0758483034
53	269623	8632.75242223478	251458.6626746507
54	269623	8419.432494315868	251765.40718562875
55	269623	8388.431240091462	251584.4361277445
56	269623	8394.326151042193	251534.3133732535
57	269623	8504.040206039926	251795.84131736527
58	269623	8348.837770941007	251480.8982035928
59	269623	8557.681095040602	251398.48103792415
60	269623	8422.696849121605	251583.7644710579
61	269623	8429.663148537196	251470.38223552893
62	269623	8518.00261076457	251274.42914171657
63	270179	8427.025662422333	251623.98103792415
64	272750	8530.110226594574	251593.84630738522
65	273385	8649.924293634	251168.23453093812
66	273385	8580.72515534892	251089.83532934132
67	273385	8450.471267210889	251488.4111776447
68	273385	8546.168529737752	251367.90119760478
69	273385	8575.43175039482	251588.93213572854
70	273385	8453.468977895154	251512.66866267464
71	273385	8523.759269010168	251503.24650698603
72	273385	8523.390026018005	251423.14071856288
73	273385	8554.699307655143	251555.6477045908
74	273385	8468.129557926655	251480.96906187624
75	273385	8149.879266638585	252017.03393213573
76	273385	8496.313167742828	251405.0139720559
77	273385	8343.409200542408	251461.0648702595
78	273385	8270.70966683325	251703.34830339323
79	273385	8485.335539353484	251194.32734530937
80	273385	8199.875976814925	251826.90618762476
81	273385	8500.365622548341	251220.40119760478
82	273385	8360.129836621421	251592.40818363274
83	273385	8311.063024501023	251638.52594810378
84	273385	8322.218828409632	251734.9381237525
85	273385	8629.775275650965	251231.1497005988
86	273385	8280.790705435616	251398.3253493014
87	273385	8412.991891178772	251442.6866267465
88	273385	8370.523424567455	251549.0369261477
89	273385	8488.95315522508	251552.46506986028
90	273385	8624.774214629411	251718.55389221557
91	273385	8499.768434982281	251578.15868263473
92	273385	8496.22956398041	251364.64071856288
93	273385	8371.20272680325	251708.5129740519
94	273385	8406.330209155292	251528.84830339323
95	273385	8537.584499925648	251173.49401197606
96	273385	8571.740085987827	251334.83233532935
97	273385	8619.190599233381	251055.499001996
98	273385	8252.086105718374	251615.39421157684
99	273385	8543.849639097658	251573.67964071856
100	273385	8591.943392132753	251733.11876247506
101	273385	8394.682022358855	252014.07884231536
102	273385	8508.08358044561	251773.47904191617
103	273385	8628.457373869656	251479.88323353292
104	273385	8559.090233789999	251528.91516966067
105	273385	8530.075210299012	251450.84031936128
106	273385	8349.15157656295	251381.3103792415
107	273385	8334.892542536272	251595.04091816366
108	273385	8315.837102550233	251931.21457085828
109	273385	8624.93044464734	251482.7005988024
110	273385	8532.183678399486	251637.86327345308
111	273385	8585.142104045517	251724.47005988023
112	273385	8384.029061090003	251168.83433133733
113	273385	8465.47412833746	251462.69660678643
114	273385	8455.755740706987	251464.37824351297
115	273385	8357.776107903619	251565.72155688622
116	273385	8516.175444658715	251610.4361277445
117	273385	8416.737112473173	251850.54890219562
118	273385	8481.055375356815	251673.62774451097
119	273385	8842.398323241729	251174.32834331336
120	273385	8733.202886167182	251240.43013972056
121	273385	8608.945462572781	251782.61377245508
122	273385	8542.098830796493	251864.61377245508
123	273385	8802.454469012526	251621.1387225549
124	273385	8685.062483196838	251765.44411177645
125	273385	8691.816537143055	251656.75748502993
126	273385	8807.823098609748	251423.51896207585
127	273385	8725.768622451893	251506.08582834332
128	273385	8738.450039421657	251445.97904191617
129	273385	8459.141248943586	251860.06886227545
130	273385	8709.377102835011	251432.375249501
131	273385	8756.112323246829	251415.66766467065
132	273385	8475.040779899571	251771.42714570859
133	273385	8343.982694390776	251856.60479041917
134	273385	8383.79654444138	251791.8243512974
135	273385	8852.219259955451	251491.56586826348
136	273385	8634.159610722376	251631.25349301397
137	273385	8530.093225529396	251464.64071856288
138	273385	8493.484486370355	251716.64670658682
139	273385	8507.98416304727	251752.09381237524
140	273385	8794.690909465418	251739.3123752495
141	273385	8444.088636562496	252106.7744510978
142	273385	8480.018295186126	251861.6986027944
143	273385	8837.47296669928	251592.81736526947
144	273385	8707.257137984916	251539.0119760479
145	273385	8754.863022521922	251557.82035928144
146	273385	8667.400226320971	251646.39720558882
147	273385	8522.684289758085	251829.12874251496
148	273385	8881.024440235416	251592.83333333334
149	273385	8505.19941614754	251877.1497005988
150	273385	8763.167449979048	251909.61976047905
151	273385	8570.27797031268	251161.5978043912
152	273385	8617.03951873412	251516.40518962077
153	273385	8790.941224244722	251494.8233532934
154	273385	8973.305709263086	251641.73053892216
155	273385	8650.046773724616	251788.86526946106
156	273385	8783.366205857217	251321.48003992016
157	273385	8552.154161144403	251609.98502994012
158	273385	8530.771168693818	251589.8113772455
159	273385	8729.795873088418	251535.03493013972
160	273385	8482.17071822617	251822.6876247505
161	273385	8610.18040824181	251265.87025948105
162	273385	8455.193153067437	251562.35329341318
163	273385	8643.156460139922	251177.25848303392
164	273385	8534.572973046023	251749.13373253492
165	273385	8467.707061764222	251567.4241516966
166	273385	8711.560994700601	251386.23353293413
167	273385	8521.923456546852	251748.94211576847
168	273385	8702.748055224367	251600.72355289423
169	273385	8517.053809552766	251597.5638722555
170	273385	8461.694876515097	251754.9760479042
171	273385	8588.868305696671	251351.36926147706
172	273385	8474.744682708606	251504.74051896206
173	273385	8455.857395068473	251377.56686626747
174	275969	8249.115292373735	251784.05489021956
175	275969	8482.190638528933	251491.64171656687
176	275969	8649.874535583624	251698.23253493014
177	275969	8611.64446705409	251580.7774451098
178	275969	8673.053727364364	251578.0359281437
179	275969	8605.748652371438	251831.47105788422
180	275969	8662.818874542394	251574.3882235529
181	275969	8573.759753722092	251668.39221556886
182	275969	8585.52969291772	251683.86626746508
183	275969	8879.065861388026	251652.78443113773
184	275969	8578.190272696487	251896.30638722554
185	275969	8714.83224266546	251401.1007984032
186	275969	8677.196612373229	251579.65369261478
187	275969	8639.58395382467	251502.86626746508
188	275969	8746.518434472371	251442.08183632736
189	275969	8616.915007017653	251519.9491017964
190	275969	8640.517478562058	251476.37025948105
191	275969	8529.04506468147	251810.07684630738
192	275969	8555.215404920727	251860.6387225549
193	275969	8544.365926447888	251647.38023952095
194	275969	8481.143250761157	251530.07884231536
195	275969	8615.039797537798	251559.79740518963
196	275969	8805.395300756034	251627.04491017965
197	275969	8576.838834017875	251451.97005988023
198	275969	8511.608475609124	251728.87325349302
199	275969	8865.288608552228	251747.0628742515
200	275969	8713.034518562117	251655.48203592814
201	275969	8707.27784786715	251574.1986027944
202	275969	8684.070065611048	251478.86726546907
203	275969	8786.981290909143	251183.8622754491
204	275969	8744.094987587785	251452.06986027944
205	275969	8540.10635071785	251911.25848303392
206	275969	8674.802940341158	251715.64371257485
207	275969	8648.392190540668	251557.4251497006
208	275969	8510.266033981115	251619.02994011977
209	275969	8463.153769749797	251489.02894211578
210	275969	8638.941169793981	251397.55289421158
211	275969	8730.051814063307	251439.375249501
212	275969	8526.780857499793	251512.8982035928
213	275969	8461.698661562357	251786.02594810378
214	275969	8610.617322995684	251561.27944111777
215	275969	8597.154506202347	251523.58582834332
216	277226	8633.872878740134	251568.16067864271
217	277226	8678.659459087878	251371.20758483035
218	277226	8228.396465527265	251876.45309381236
219	277226	8772.979738104637	251626.7994011976
220	277226	8715.449240682452	251378.48902195608
221	277226	8359.571788205283	251780.6477045908
222	277226	8602.57081970933	251718.45908183634
223	277226	8619.729359404528	251289.9031936128
224	277226	8769.925867009766	251367.02095808383
225	277226	8743.140222093296	251714.38023952095
226	277226	8682.750027024475	251597.80738522953
227	277226	8545.326756842629	251506.80938123752
228	277226	8584.980526509138	251665.42714570859
229	277226	8634.3041887194	251439.30439121756
230	277226	8487.574517301773	251740.71556886227
231	277226	8688.849942857214	251426.1007984032
232	277226	8548.64835622853	251627.16666666666
233	277226	8593.662758070708	251463.19461077845
234	277226	8657.871203079723	251409.4251497006
235	277226	8686.70581822035	251689.48502994012
236	277226	8629.61499399575	251649.13572854293
237	277226	8616.634332576126	251488.69461077845
238	277226	8641.506307825612	251299.58383233534
239	277226	8619.340514633675	251435.75349301397
240	277226	8832.306608093146	251235.06786427146
241	277226	8643.730751051675	251665.3143712575
242	277226	8662.445256837254	251390.38622754492
243	277226	8432.23804979075	251931.78542914172
244	277226	8542.762150143939	251455.1756487026
245	277226	8712.389380609055	251353.75748502993
246	277226	8663.295180714196	251571.10678642715
247	277226	8707.292764693295	251434.44411177645
248	277226	8592.727199546896	251526.29540918165
249	277226	8685.148984113204	251522.25249500998
250	277226	8608.685968271573	251616.58982035928
251	277226	8699.800204051042	251432.10479041917
252	277226	8567.41068384395	251309.7624750499
253	277226	8400.070537813905	251670.91816367264
254	277226	8603.452918146964	251631.4251497006
255	277226	8726.185374915285	251345.57684630738
256	277226	8572.217200809366	251368.55389221557
257	277226	8734.315024040836	251445.250499002
258	277226	8536.229039411473	251659.0499001996
259	277226	8586.827117890894	251385.16566866267
260	277226	8679.93179918169	251290.50399201596
261	277226	8647.464914800184	251622.43413173652
262	277226	8821.156286999594	251791.39720558882
263	277226	8724.118364256237	251538.10578842316
264	277226	8650.295637025985	251550.9620758483
265	277226	8627.725094267695	251373.29540918165
266	277226	8698.506588915025	251364.48502994012
267	277226	8429.456010813576	251557.67764471058
268	277226	8693.35017953254	251334.04091816366
269	277226	8451.868636307652	251727.03393213573
270	277226	8453.739714046269	251588.33133732536
271	277226	8616.786417586654	251240.3103792415
272	277226	8611.29933551742	251707.61976047905
273	277226	8765.627166481838	251332.0748502994
274	277226	8587.346287719669	251711.53193612775
275	277226	8718.51017894185	251348.40818363274
276	277226	8535.548935568659	251653.74750499002
277	277226	8516.889342595558	251453.69061876248
278	277226	8595.024880936577	251783.748502994
279	277226	8550.18294070191	251860.91516966067
280	277226	8639.621610653043	251498.61676646708
281	277226	8582.157189883463	251835.65668662675
282	277226	8582.946861759487	251810.75249500998
283	277226	8782.851696214164	251314.43013972056
284	277226	8707.320132324123	251677.5618762475
285	277226	8699.345969530048	251637.85828343313
286	277226	8720.448294802518	251563.10578842316
287	277226	8450.684377391	251595.85429141717
288	277226	8539.80391840612	251547.91516966067
289	277226	8547.949387564091	251611.05389221557
290	277226	8453.65376037977	251807.76846307385
291	277226	8697.675648500015	251650.05289421158
292	277226	8642.426225270086	251608.2135728543
293	277226	8512.72518785518	251537.28942115768
294	277226	8857.530622019854	251450.45808383235
295	277226	8636.09366172428	251564.1616766467
296	277226	8458.273584087834	251972.61477045907
297	277226	8602.990631120256	251713.15169660677
298	277226	8666.085984978883	251491.86726546907
299	277226	8524.907450883033	251622.16666666666
300	277226	8736.7009527339	251716.9371257485
301	277226	8580.000612017247	251769.40119760478
302	277226	8509.401600087167	251569.1636726547
303	277226	8783.828277262948	251615.20558882237
304	277226	8681.902988213342	251562.48403193612
305	277226	8551.649811252868	251488.04690618764
306	277226	8567.831230503129	251549.51097804392
307	277226	8693.03827073675	251390.7225548902
308	277226	8709.704328216778	251441.2634730539
309	277226	8564.079538622509	251818.71956087823
310	277226	8723.661456943835	251467.75648702594
311	277226	8674.872117840916	251500.376247505
312	277226	8777.761920230836	251515.42315369262
313	277226	8641.258110214936	251533.25648702594
314	277226	8821.785831468398	251670.24151696608
315	277226	8668.791382141784	251574.751497006
316	277226	8749.545704581365	251727.25548902195
317	277226	8740.9433501724	251449.89321357285
318	277226	8621.175324536145	251666.28542914172
319	277226	8552.639779910001	251782.88223552893
320	277226	8463.928035947565	251865.60479041917
321	277226	8559.533383074147	251907.21956087823
322	277226	8765.20390389923	251712.0598802395
323	277226	8715.487310933211	251707.74550898204
324	277226	8856.310616546956	251421.83433133733
325	277226	8736.762394425516	251284.17365269462
326	277226	8648.999207364011	251550.9730538922
327	277226	8518.70985926734	251766.3502994012
328	277226	8696.480181668643	251412.60379241518
329	277226	8753.154351511615	251470.70958083833
330	277226	8546.671755217845	251543.38622754492
331	277226	8706.98776604252	251567.4770459082
332	277226	8706.37526737204	251512.61776447107
333	277226	8785.356607972828	251249.6117764471
334	277226	8522.94404067166	251350.86427145707
335	277226	8485.229269194793	251691.30538922155
336	277226	8628.484326112586	251783.29341317364
337	277226	8689.16801573146	251363.58982035928
338	277226	8603.706687519274	251337.88023952095
339	277226	8595.231302758873	251376.39321357285
340	277226	8516.631588376496	251306.65069860278
341	277226	8646.968243299112	251175.72355289423
342	277226	8516.201469557815	251513.74251497007
343	277226	8511.614008305052	251627.62275449102
344	277226	8602.928467558635	251669.29441117763
345	277226	8793.595948747648	251720.53093812376
346	277226	8470.849130462295	251820.3502994012
347	277226	8638.580161830849	251382.44610778443
348	277226	8737.730875306836	251527.8522954092
349	277226	8666.080128415098	251709.53992015967
350	277226	8608.871153289392	251660.9770459082
351	277226	8667.888987126376	251951.98103792415
352	277226	8704.77040972856	251907.4770459082
353	277226	8923.134476568777	251344.17065868265
354	277226	8684.34767662227	251713.84530938123
355	277226	8626.319143887064	251267.32035928144
356	277226	8523.289954877519	251363.78243512975
357	277226	8698.687482193714	251564.5608782435
358	277226	8483.133230169775	251864.18363273452
359	277226	8628.190641654035	251689.82834331336
360	277226	8623.593778393399	251573.15668662675
361	277226	8873.888402368833	251532.39321357285
362	277226	8648.301674129327	252090.5888223553
363	277226	8857.168648483112	251834.8522954092
364	277226	8711.630374225377	251760.12674650698
365	277226	8826.261365406834	251511.27145708582
366	277226	8956.45598312171	251547.69760479042
367	277226	8744.536925802578	251518.92115768464
368	277226	8906.956024415924	251612.5
369	277226	9001.143353626761	251240.51696606787
370	277226	8784.770533028654	251640.0608782435
371	277226	8754.822174988038	251767.03193612775
372	277226	8795.78408617678	251545.5129740519
373	277226	8855.470532695253	251084.91516966067
374	277226	8648.45213012446	251655.61477045907
375	277226	8890.436319492546	251273.87325349302
376	277226	8741.558934374421	251426.65069860278
377	277226	8772.705802194167	251626.2365269461
378	277226	8786.720462165122	251910.31636726548
379	277226	8854.303417215531	251302.41417165668
380	277226	8775.277160478969	251789.79640718564
381	277226	8677.259857774325	251520.05489021956
382	277226	8777.863795195133	251608.0139720559
383	277226	8940.092278390963	251580.69061876248
384	277226	9049.857449929752	251363.96706586826
385	277226	8732.633207622479	251857.43013972056
386	277226	8829.19382978706	251503.62974051895
387	278674	8851.83095940184	251472.14071856288
388	278674	8893.323457960647	251508.63572854293
389	278674	8708.883181107492	251649.8602794411
390	278674	8555.896460438396	251562.99600798404
391	278674	8616.034576744307	251457.8882235529
392	278674	8648.380683456882	251553.8253493014
393	278674	8710.513823274117	251339.23952095807
394	278674	8647.615363179933	251684.67165668664
395	278674	8727.457453310592	251456.4131736527
396	278674	8786.620815928358	251448.80339321357
397	278674	8793.68379203397	251412.2644710579
398	278674	8734.483359281488	251482.74750499002
399	278674	8893.543159205235	251632.11576846306
400	278674	8548.825157040696	251557.6387225549
401	278674	8729.736069028182	251588.8123752495
402	278674	8682.515794234327	251362.7115768463
403	278674	8743.861919213881	251626.13572854293
404	278674	8581.402788896725	251528.06986027944
405	278674	8648.935146103378	251557.77145708582
406	278674	8730.136331629521	251381.5359281437
407	278674	8669.611378798927	251490.60778443114
408	278674	8693.98908526205	251287.05588822355
409	278674	8518.783318588132	251311.67365269462
410	278674	8645.937442190334	251525.67864271457
411	278674	8681.22811733807	251452.4251497006
412	278674	8776.236555257065	251283.4491017964
413	278674	8665.700236166627	251508.59381237524
414	278674	8839.84981361165	251449.28443113773
415	278674	8668.537216402347	251449.249500998
416	278674	8514.406746652945	251555.78043912177
417	278674	8659.72390269091	251429.4401197605
418	278674	8617.513230170698	251688.19361277446
419	278674	8737.44637773025	251719.4021956088
420	278674	8882.479409092952	251474.46706586826
421	278674	8937.410535662442	251698.40818363274
422	278674	8748.23486976383	251638.62075848304
423	278674	8732.771847319938	251850.55489021956
424	278674	8888.190769633236	251530.30538922155
425	278674	8794.838067060316	251690.19361277446
426	278674	8662.961165675713	251510.72854291418
427	278674	8742.702834606045	251548.74351297406
428	278674	8720.900932346127	251643.21457085828
429	278674	8775.641764470867	251654.1107784431
430	278674	8787.212035677436	251820.72155688622
431	278674	8679.566807268813	251614.31936127745
432	278674	8910.63668627575	251516.08383233534
433	278674	8956.860916541365	251614.65069860278
434	278674	8744.84794583226	252047.70758483035
435	278674	8885.229702732022	251673.09381237524
436	278674	8776.409215001548	251805.79740518963
437	278674	8839.776453111554	251744.85429141717
438	278674	8781.140837065708	251663.26846307385
439	278674	8695.08038299377	251868.44610778443
440	278674	8814.238713039516	251526.74051896206
441	278674	8918.887707972654	251384.36926147706
442	278674	8911.643951559678	251748.58483033933
443	278674	8906.053875763982	251657.87225548903
444	278674	8883.960731218875	251515.24650698603
445	278674	8841.216488915219	251445.94411177645
446	278674	8658.226436831312	251776.77544910178
447	278674	8858.003540141488	251437.4750499002
448	278674	8505.858465155165	252011.44510978044
449	278674	8770.294566489854	251757.82634730538
450	278674	8973.648151755464	251573.625748503
451	278674	8893.153502533663	251422.03393213573
452	278674	8637.722509598583	251567.04491017965
453	278674	8879.632264890459	251483.8153692615
454	278674	8839.3902384088	251727.77145708582
455	278674	8768.307348121878	251655.01097804392
456	278674	8878.224475579778	251758.251497006
457	278674	8585.216973007624	252196.64271457086
458	278674	8656.336764849235	251642.66666666666
459	278674	8654.193625791155	251588.89520958083
460	278674	8974.041913683643	251199.8992015968
461	278674	8861.503093739895	251714.34830339323
462	278674	8566.880099715996	251991.90818363274
463	278674	8854.462441381309	251573.08383233534
464	278674	8852.952724183677	251769.21057884232
465	278674	8800.160225160425	251802.8373253493
466	278674	8931.044494555448	251681.40518962077
467	278674	8727.58968388648	251798.5229540918
468	278674	8854.415044731717	251152.125748503
469	278674	8744.209583346523	251425.14570858283
470	278674	8793.029839473988	251347.1526946108
471	278674	8819.193393788384	251385.1636726547
472	278674	9036.064200687306	251576.57285429141
473	278674	8776.08295067525	251439.05389221557
474	278674	8577.307453227737	251788.6487025948
475	278674	8703.084501524696	251449.06686626747
476	278674	8723.224968621511	251567.5738522954
477	278674	8699.067952041469	251508.57085828343
478	278674	8596.190798933008	251679.9361277445
479	278674	8747.760100851896	251567.61676646708
480	278674	8626.964670176865	251539.00998003993
481	278674	8584.76871059001	251435.1477045908
482	278674	8786.394172637602	251905.02195608782
483	278674	8808.92564235664	251621.53093812376
484	278674	8533.989206260505	251616.3512974052
485	278674	8769.45380720202	251572.1876247505
486	278674	8602.531314790787	251394.3013972056
487	278674	8440.076982529778	251788.5
488	278674	8740.6194407874	251795.98902195608
489	278674	8819.693475888893	251473.37824351297
490	278674	8443.164393726598	252130.3103792415
491	278674	8851.534405087523	251285.5269461078
492	278674	8804.917964602633	251176.23053892216
493	278674	8592.734277304184	251536.59880239522
494	278674	8698.603263470794	251766
495	278674	8592.862273781617	251771.40918163673
496	278674	8758.778480733228	251468.11377245508
497	278674	8584.409144609377	251604.0978043912
498	278674	8455.836497998087	251670.05688622754
499	278674	8673.172277290681	251090.7355289421
500	278674	8546.522827912586	251166.45508982035
501	278674	8667.568823137832	251257.21856287424
502	278674	8707.065188832627	251395.9351297405
503	278674	8609.660556434737	251611.4760479042
504	278674	8612.366382541171	251474.16766467065
505	278674	8807.619988101424	251249.64071856288
506	278674	8719.67203115316	251641.77045908183
507	278674	8553.078411979393	251535.58183632736
508	278674	8871.026993780772	251242.63473053894
509	278674	8716.082925836507	251869.11976047905
510	278674	8522.851171739243	251853.84431137724
511	278674	8816.270634610144	251428.80938123752
512	278674	8590.513737269783	251822.50299401197
513	278674	8635.051778031597	252104.16866267464
514	278674	8821.428036544597	251774.5628742515
515	278674	8897.925176784145	251725.1866267465
516	278674	8826.21105616819	251732.0369261477
517	278674	8727.192167948284	251678.14670658682
518	278674	8850.165094434306	251567.18163672654
519	278674	8957.14380589884	251653.98303393213
520	278674	9018.165640547579	251402.79740518963
521	278674	8880.227748623172	251261.67365269462
522	278674	8653.189053792672	251779.8013972056
523	278674	8725.62057731817	251692.03493013972
524	278674	8740.258091147556	251548.2225548902
525	278674	8574.394502348265	251452.46107784432
526	278674	8578.452570380572	251609.5878243513
527	278674	8731.511464584268	251668.748502994
528	278674	8888.934269513355	251481.51796407186
529	278674	8669.70353116498	251860.07984031935
530	278674	8945.883931093207	251611.34331337325
531	278674	8777.603194290572	251843.22055888223
532	278674	8702.102554078368	251785.9620758483
533	278674	8915.18387505356	251429.86427145707
534	278674	8599.237746435507	251769.53093812376
535	278674	8872.585056386075	251133.54590818365
536	278674	8667.914363227199	251676.20558882237
537	278674	8968.585827311244	251717.44610778443
538	278674	8925.54099634105	251392.34830339323
539	278674	8942.89316394702	251476.60279441118
540	278674	8690.132260260774	251805.05888223552
541	278674	8784.31342032217	251536.59880239522
542	278674	8865.432449322849	251661.56686626747
543	278674	8837.472012562615	251732.49001996007
544	278674	8808.805016424658	251589.22954091817
545	278674	8744.492244920935	251787.54890219562
546	278674	8941.204071820684	251493.94710578842
547	278674	8692.215123407537	251980.13273453093
548	278674	8798.084076778992	251799.3622754491
549	278674	8677.893568489146	251753.13473053894
550	278674	8831.91924269941	251530.60678642715
551	278674	8512.059435501664	251742.53393213573
552	278674	8876.05781219495	251744.15568862276
553	278674	8882.241956184886	251553.17764471058
554	278674	8831.517599938565	251643.89121756487
555	278674	8569.335467237943	251993.10279441118
556	278674	8760.471410962222	251485.88023952095
557	278674	8929.21083105671	251828.94111776448
558	278674	8925.767198752494	251807.89720558882
559	278674	8924.370344454614	251373.2255489022
560	278674	8748.943645214418	251704.6497005988
561	278674	8978.085470946451	251472.6487025948
562	278674	8861.564865997794	251712.30439121756
563	278674	8879.385201780418	251601.85928143712
564	278674	8799.658209868116	251193.06986027944
565	278674	8600.134858954094	251513.41816367264
566	278674	8630.973504000662	251289.12075848304
567	278674	8582.733403043088	251426.51097804392
568	278674	8490.549640275814	251575.09381237524
569	278674	8670.327081799018	251547.07684630738
570	278674	8597.52162863161	251802.2365269461
571	278674	8643.870471659215	251625.75848303392
572	278674	8695.87063469477	251699.34830339323
573	278674	8668.380688160149	251698.748502994
574	278674	8626.854958379292	251447.9251497006
575	278674	8721.17918285354	251511.29840319362
576	278674	8739.768409572493	251725.22155688622
577	278674	8862.847768610223	251640.61976047905
578	278674	8831.666314590262	251722.69560878244
579	278674	8564.358796232791	251736.54790419163
580	278674	8623.069889384451	251594.2744510978
581	278674	8558.278355990553	251436.24051896206
582	278674	8559.555412328446	251460.18263473053
583	278674	8622.635785940933	251545.5748502994
584	278674	8638.891527791251	251490.4730538922
585	278674	8699.34365877933	251303.1526946108
586	278674	8429.595002183356	251534.09081836327
587	278674	8670.008728178665	251320.03093812376
588	278674	8658.049161574547	251701.05888223552
589	278674	8772.437397730115	251141.00299401197
590	278674	8501.753490771813	251514.86327345308
591	278674	8684.2125591514	251491.7864271457
592	278674	8480.821527500062	251720.94610778443
593	278674	8407.903886086977	251778.85329341318
594	278674	8590.174665098479	251584.98203592814
595	278674	8518.142469246368	251487.71656686626
596	278674	8740.978022246209	251267.48203592814
597	278674	8777.446672678607	251431.8383233533
598	278674	8784.238024362885	251466.5129740519
599	278674	8599.534303369916	251817.61576846306
600	278674	8648.78112665736	251540.5518962076
601	278674	8611.435644339133	251649.15968063872
602	278674	8729.694255911334	251432.26147704592
603	278674	8374.731894527771	251845.2744510978
604	278674	8832.812577138231	251530.80239520958
605	278674	8784.96712686064	251464.34830339323
606	278674	8502.514725096351	251557.17265469063
607	278674	8978.437559152486	251335.95109780438
608	278674	8726.452194811363	251325.20658682636
609	278674	8546.007080594623	251325.25548902195
610	278674	8669.035928786163	251633.4001996008
611	278674	8548.94852474467	251536.74650698603
612	278674	8809.190199661694	251366.91516966067
613	278674	8733.21788079854	251640.59181636726
614	278674	8624.492374323612	251290.55489021956
615	278674	8868.340220785498	251261.79740518963
616	278674	8646.660967925973	251530.37225548903
617	278674	8700.629187926246	251428.47904191617
618	278674	8539.056194877556	251883.72455089822
619	278674	8629.68589806286	251378.77644710577
620	278674	8892.884407221167	251475.20159680638
621	278674	8413.853662402575	251913.03493013972
622	278674	8605.019984860905	251813.04690618764
623	278674	8884.2328191165	251317.80538922155
624	278674	8736.428746101603	251552.4131736527
625	278674	8840.563574790902	251639.95808383235
626	278674	8724.506831501896	251914.9750499002
627	278674	8607.950010919836	251957.56786427146
628	278674	8854.00655352971	251741.10479041917
629	278674	8787.858663162555	251907.24550898204
630	278674	8778.353838659596	251764.92814371258
631	278674	8900.933778180417	251777.01796407186
632	278674	8857.83055862437	251790.28343313374
633	278674	8821.346185045833	251629.69361277446
634	278674	8367.57133142524	252102.77544910178
635	278674	8508.858112232092	251775.3103792415
636	278674	8787.9345181616	251514.80938123752
637	278674	8661.335740688943	251702.56886227545
638	278674	8818.959578366963	251582.7355289421
639	278674	8648.919705510443	251595.19361277446
640	278674	8843.110108398989	251748.3363273453
641	278674	8603.142085962765	251916.26047904193
642	278674	8753.013900535883	251905.32934131735
643	278674	8809.663647827552	251800.31836327346
644	278674	8598.843172891879	251841.87724550898
645	278674	8660.232048808924	251563.5119760479
646	278674	8788.442639003733	251744.31736526947
647	278674	8695.99471264151	251703.4870259481
648	278674	8774.511007566198	251473.95908183634
649	278674	8713.26422970558	251604.3892215569
650	278674	8656.682435907534	251955.5868263473
651	278674	8646.613171889518	251640.1526946108
652	278674	8872.990138220486	251341.65968063872
653	278674	8747.75603406515	251415.376247505
654	278674	8517.1801843304	251765.60878243513
655	278674	8525.482773416614	251921.6487025948
656	278674	8681.326446104871	251763.1107784431
657	278674	8762.30242590544	251977.9870259481
658	278674	8810.15097169552	251740.51696606787
659	278674	8969.029638537932	251615.88023952095
660	278674	8855.510751227876	251630.29840319362
661	278674	8706.93828614668	251767.84231536926
662	278674	8672.497427818022	251951.7884231537
663	278674	8850.05278378435	251541.3502994012
664	278674	8946.660739493449	251713.05489021956
665	278674	8855.900065782964	251847.06986027944
666	278674	8697.613265513399	252274.99301397207
667	278674	8732.931062261254	251930.12175648703
668	278674	8872.907085181549	251736.9401197605
669	278674	8803.437720332513	251642.57085828343
670	278674	8812.077133401073	251522.2355289421
671	280258	8863.876505151176	251763.34131736527
672	280258	8699.394831608599	251820.876247505
673	280258	9001.51381855347	251929.28143712576
674	280258	8791.56035661707	252025.1497005988
675	280258	8923.516982420704	251870.5748502994
676	280258	8900.175772014682	251695.61377245508
677	280258	8809.306898800229	251404.39421157684
678	280258	8776.575354030763	251508.5239520958
679	280258	8701.057221560655	251708.37824351297
680	280258	8692.679453070054	251790.00998003993
681	280258	8816.513680014134	251555.46606786427
682	280258	8601.710951201185	251765.59580838322
683	280258	8840.145424155528	251918.88323353292
684	280258	8862.490729299321	251454.8512974052
685	280258	8714.59427950675	251652.40718562875
686	280258	8760.78328526185	251818.0888223553
687	280258	9015.277923885506	251792.84830339323
688	280258	9117.178081079772	251712.5648702595
689	280258	8955.412396488957	251446.82235528942
690	280258	8745.253822684492	251539.98003992016
691	280258	8617.77179707904	251785.46506986028
692	280258	8776.865130562326	251645.3133732535
693	280258	8752.781707192264	251855.36926147706
694	280258	8678.21538260579	251398.751497006
695	280258	8493.100965988666	251768.16866267464
696	280258	8943.643680367602	251249.47105788422
697	280258	8667.173248389117	251778.30838323353
698	280258	8657.064576721048	251680.38223552893
699	280258	8651.880237028832	251339.2744510978
700	280258	8688.612701055781	251625.1017964072
701	280258	8877.189128163189	251507.33133732536
702	280258	8746.355753731641	251795.35628742515
703	280258	8691.460364381448	251621.67764471058
704	280258	8667.488388995404	251490.3153692615
705	280258	8821.179943722005	251506.248502994
706	280258	8662.998647189681	251737.5878243513
707	280258	8643.87142110299	251661.27045908183
708	280258	8900.767306722806	251530.7265469062
709	280258	8856.77846419313	251547.9620758483
710	280258	8820.462302184438	251643.8882235529
711	280258	8908.427781897662	251671.34630738522
712	280258	8729.520781457886	251647.04491017965
713	280258	8697.023756821605	251721.4131736527
714	280258	8713.396438271273	251687.2624750499
715	280258	8819.252500491937	251901.51996007984
716	280258	8841.733284647	251697.36526946106
717	280258	8710.296580820343	251760.35828343313
718	280258	8777.343746137769	251340.02994011977
719	280258	8559.65366159187	251936.19161676647
720	280258	8998.848476431851	251391.40618762476
721	280258	9000.246877696789	251641.8113772455
722	280258	8803.418844068368	251604.34830339323
723	280258	8723.584786629026	251727.24051896206
724	280258	8648.720205055466	251742.5998003992
725	280258	8672.984365831555	251854.63672654692
726	280258	8739.227753490715	251568.5968063872
727	280258	8581.827801792879	251881.3502994012
728	280258	8874.063737925728	251673.76147704592
729	280258	8904.236339414576	251726.69361277446
730	280258	8796.040796159235	251662.93213572854
731	280258	8695.761153289272	251894.05389221557
732	280258	8922.859841908612	251922.45109780438
733	280258	8823.065382493327	251864.50199600798
734	280258	8771.549044543517	251698.8143712575
735	280258	8971.400474215214	251309.3612774451
736	280258	8779.692345969985	251379.10678642715
737	280258	8627.80456486662	251798.10878243513
738	280258	8655.658820633309	251914.07185628742
739	280258	8950.203029063428	251562.8612774451
740	280258	8828.842944620445	251746.23952095807
741	280258	8730.910799844462	251764.0758483034
742	280258	8760.309886095416	251751.2125748503
743	280258	8811.479309619312	251501.8143712575
744	280258	8823.982201519108	251429.75249500998
745	280258	8685.661486052413	251401.34930139722
746	280258	8649.692777361142	251821.5249500998
747	280258	8721.816103704272	251514.46107784432
748	280258	8586.123255346603	251599.02095808383
749	280258	8561.146503804926	251486.28243512975
750	280258	8759.028339482951	251437.32934131735
751	280258	8434.282832846307	251835.1886227545
752	280258	8959.414094700907	251235.26946107784
753	280258	8834.789774517076	251327.42115768464
754	280258	8513.345628610643	251890.72455089822
755	280258	8566.724665843585	251570.79740518963
756	280258	8757.868493868535	251580.15968063872
757	280258	9000.40683630232	251186.48203592814
758	280258	8846.862858767146	251537.51497005988
759	280258	8807.447270907494	251567.26946107784
760	280258	8606.85582857161	251567.71756487025
761	280258	8678.623199522191	251724.10978043912
762	280258	8816.172045511006	251494.34231536926
763	280258	8647.616708211466	251889.05588822355
764	280258	8693.558625199266	251826.46606786427
765	280258	8706.625865907998	251622.78542914172
766	280258	8689.98210650018	251561.4860279441
767	280258	8865.254235824781	251582.50499001995
768	280258	8751.300830463366	251573.3622754491
769	280258	8674.226323293005	251681.14471057884
770	280258	8848.521619007564	251487.5748502994
771	280258	8664.535551808045	251423.80239520958
772	280258	8688.080085919999	251646.6397205589
773	280258	8954.918482354491	251388.3522954092
774	280258	8810.183500671019	251830.86526946106
775	280258	8884.371305555842	251557.45508982035
776	280258	8478.63235357534	251739.40618762476
777	280258	8648.953468471516	251641.76546906188
778	280258	8889.444096667232	251720.2275449102
779	280258	8921.53984727586	251472.96506986028
780	280258	8694.899293094448	251472.07884231536
781	280258	8731.714517866149	251518.00798403192
782	280258	8573.376150329043	251557.62175648703
783	280258	8563.335349158588	251490.15968063872
784	280258	8655.024747441092	251688.71956087823
785	280258	8829.656062398117	251510.27644710577
786	280258	8627.876736708207	251672.77844311378
787	280258	8816.066638247696	251736.8622754491
788	280258	8871.910888977724	251605.73153692615
789	280258	8722.357301857242	251526.72854291418
790	280258	8647.791751280954	251393.44710578842
791	280258	8612.428058620819	251489.00399201596
792	280258	8709.33333327571	251373.6387225549
793	280258	8730.261096223343	251658.9371257485
794	280258	8658.31847037029	251735.94610778443
795	280258	8744.929161485685	251699.34830339323
796	280258	8847.964138005245	251644.22155688622
797	280258	8738.517378208802	251701.6876247505
798	280258	8602.590889179679	251832.95109780438
799	280258	8877.227330567252	251342.79441117763
800	280258	8559.271923533293	251500.03393213573
801	280258	8660.049326615701	251419.6127744511
802	280258	8492.598496326438	251640.44111776448
803	280258	8441.411657050443	251473.69461077845
804	280258	8522.386534128113	251345.02594810378
805	280258	8609.959214786615	251851.2624750499
806	280258	8664.47502529209	251408.69760479042
807	280258	8369.379611856772	251855.84031936128
808	280258	8647.363920473113	251483.79740518963
809	280258	8589.133195264169	251683.5738522954
810	280258	8548.687507372852	251555.86526946106
811	280258	8646.43174139601	251658.54491017965
812	280258	8603.475233871332	251800.71556886227
813	280258	8495.086713638808	251610.23952095807
814	280258	8634.302425085412	251687.3892215569
815	280258	8557.15208185256	251987.27045908183
816	280258	8898.950475240461	251360.6846307385
817	280258	8796.594137934551	251439.5229540918
818	280258	8679.637926402147	251676.1896207585
819	280258	8518.886596615625	251646.1487025948
820	280258	8427.222950117954	251572.37824351297
821	280258	8632.169329036004	251446.50499001995
822	280258	8408.733528075874	251665.8233532934
823	280258	8317.988447091671	252038.27944111777
824	280258	8790.01278447477	251729.3882235529
825	280258	8769.82401120133	251663.32734530937
826	280258	8657.20858802341	251722.74351297406
827	280258	8879.488019902907	251581.75548902195
828	280258	8611.986211991138	251626.96906187624
829	280258	8522.68797987871	251734.4121756487
830	280258	8513.766733613555	251586.51097804392
831	280258	8655.128703954966	251520.5598802395
832	280258	8753.473410731434	251629.21856287424
833	280258	8641.001907196842	251736.51896207585
834	280258	8505.780930001838	251744.4361277445
835	280258	8458.938881177028	251877.8373253493
836	280258	8758.15265253546	251695.33433133733
837	280258	8698.99942996493	251704.25349301397
838	280258	8695.032768137986	251752.83233532935
839	280258	8837.52105147357	251590.10678642715
840	280258	8903.897515077608	251591.00598802394
841	280258	8724.527790332373	251754.9131736527
842	280258	8683.442848657387	251862.24550898204
843	280258	8921.261281728988	251513.1766467066
844	280258	8754.748432496446	251526.9021956088
845	280258	8691.084615901922	251547.78942115768
846	280258	8760.509912731563	251743.33433133733
847	280258	8951.714928652107	251521.52195608782
848	280258	8794.556564492634	251783.64570858283
849	280258	8824.199466072174	251808.73053892216
850	280258	8877.788614688372	251670.03493013972
851	280258	8672.081641247314	251870.15968063872
852	280258	8722.611780240031	251777.19461077845
853	280258	8513.852627342016	251599.64071856288
854	280258	8594.54564489106	251874.08383233534
855	280258	8799.449865484017	251720.02994011977
856	280258	8575.609496876292	251811.83033932134
857	280258	8695.483379901092	251463.53393213573
858	280258	8876.649597526597	251170.53393213573
859	280258	8637.982217689683	251744.91017964072
860	280258	8606.29975312638	251728.45109780438
861	280258	8822.80449421912	251578.4880239521
862	280258	8723.02811959786	251430.94411177645
863	280258	8436.686929443566	251856.91516966067
864	280258	8511.180331211688	251652.5738522954
865	280258	8687.429744890518	251621.6117764471
866	280258	8823.064068407939	251266.10578842316
867	280258	8840.062115818928	251268.56886227545
868	280258	8581.934350733098	251893.59481037923
869	280258	8649.553574075047	251756.47405189622
870	280258	8655.865604429884	251441.72155688622
871	280258	8648.76847986749	251343.45608782436
872	280258	8706.333135474093	251423.06686626747
873	280258	8799.432539920577	251169.8473053892
874	280258	8560.214885000201	251668.8872255489
875	280258	8620.62889227469	251671.1007984032
876	280258	8660.417666472184	251615.87724550898
877	280258	8886.168602155283	251604.5119760479
878	280258	8936.57218035329	251512.000998004
879	280258	8626.99521197028	251989.76946107784
880	280258	8770.286121690773	251623.03193612775
881	280258	8826.960074584948	251441.49500998005
882	280258	8887.342879366355	251493.98902195608
883	280258	8626.409106865203	251510.8243512974
884	280258	8786.90864197267	251601.9880239521
885	280258	8698.289376637329	251720.4481037924
886	280258	8947.799880384246	251428.11776447107
887	280258	8959.727143979571	251471.20459081835
888	280258	8808.876766899215	251649.36526946106
889	280258	8743.96990216731	251503.6636726547
890	280258	9024.938106917041	251532.97804391218
891	280258	8771.671188904109	251758.55289421158
892	280258	8617.955245238387	251480.53093812376
893	280258	8624.505443385593	251562.17265469063
894	280258	8844.510791148461	251495.5249500998
895	280258	8860.288635056593	251619.19161676647
896	280258	9018.434227243872	251657.4261477046
897	280258	8790.018409522609	251751.9251497006
898	280258	8894.065195674848	251632.7275449102
899	280258	8886.484443976618	251749.13473053894
900	280258	8832.834327032868	251635.5379241517
901	280258	8864.863740349643	251819.1866267465
902	280258	8899.50343728135	251157.92015968065
903	280258	8714.741877428529	251544.28043912177
904	280258	8588.033172966698	251748.72055888223
905	280258	8779.662018380639	251417.56586826348
906	280258	8739.269501498718	251158.26946107784
907	280258	8391.749906641475	251655.75349301397
908	280258	8871.937361088934	251073.58283433135
909	280258	8789.384598752718	251583.41017964072
910	280258	8986.333925149638	251520.69161676647
911	280258	8861.302665045665	251984.20359281436
912	280258	8541.663658469619	251455.82834331336
913	280258	8678.151069868893	251640.58383233534
914	280258	8680.21784792587	251619.11676646708
915	280258	8500.275069378531	251845.23353293413
916	280258	8706.859555484143	251620.48403193612
917	280258	8881.807174129395	251192.24451097805
918	280258	8375.455567433624	251911.14471057884
919	280258	8677.928466308083	251345.07185628742
920	280258	8621.740862754605	251386.10479041917
921	280258	8627.036265166505	251413.90119760478
922	280258	8494.202740613842	251460.6886227545
923	280258	8290.260514920716	251534.64071856288
924	280258	8441.140905449245	251499.14670658682
925	280258	8529.29622721202	251711.17964071856
926	280258	8660.043299497383	251370.41417165668
927	280258	8582.087922031465	251671.6996007984
928	280258	8725.085016592535	251284.72155688622
929	280258	8758.115947242884	251389.7864271457
930	280258	8811.280167591096	251489.72455089822
931	280258	8731.398150992505	251451.07185628742
932	280258	8890.152716646964	251436.32734530937
933	280258	8631.167240150253	251614.44411177645
934	280258	8700.994185758527	251480.39021956088
935	280258	8794.518897093845	251430.1896207585
936	280258	8823.45533197459	251434.86726546907
937	280258	8612.336478412672	251540.73952095807
938	280258	8681.532822540625	251566.999001996
939	280258	8767.087403010246	251364.09181636726
940	280258	8771.80526249072	251713.251497006
941	280258	8629.15803414456	251520.2724550898
942	280258	8680.009628562273	251531.84231536926
943	280258	8806.615024895678	251583.5978043912
944	280258	8842.802501096572	251451.8143712575
945	280258	8932.961611044599	251391.53093812376
946	280258	8840.91679009053	251800.8622754491
947	280258	8843.397208964552	251524.4720558882
948	280258	8899.382378673588	251496.78942115768
949	280258	8714.347612554086	251935.54191616765
950	280258	8888.435297373377	251422.88023952095
951	280258	8670.11096825818	251717.24650698603
952	280258	8798.255554599404	251831.8512974052
953	280258	8977.04667668225	251469.38123752494
954	280258	8898.531358140894	251654.29441117763
955	280258	8742.120501573925	251756.53992015967
956	280258	8827.653131301246	251681.17764471058
957	280258	8982.190070794282	251455.6846307385
958	280258	8741.880748347863	251526.23353293413
959	280258	8853.335038276227	251551.65868263473
960	280258	8651.706540205485	251595.37125748504
961	280258	8696.72835572533	251655.55588822355
962	280258	8737.255483755524	251708.31936127745
963	280258	8776.640635759648	251545.3982035928
964	280258	8736.34130956217	251490.3522954092
965	280258	8791.385297690513	251474.12275449102
966	280258	8704.504679903222	251751.7005988024
967	280258	8678.70333107007	252026.59081836327
968	280258	8768.16085342689	251780.26746506986
969	280258	8830.945984508244	251849.76846307385
970	280258	8837.80995131418	251633.23153692615
971	280258	8752.804169320536	251480.0518962076
972	280258	8552.05537872034	251866.65668662675
973	280258	8698.851426997346	251764.248502994
974	280258	8853.533853886129	251559.43013972056
975	280258	8744.716202493406	251674.07984031935
976	280258	8717.140345840322	251568.4251497006
977	280258	8972.373177503423	251190.76746506986
978	280258	8681.12028073334	251627.04590818365
979	280258	8496.621553135852	251967.88622754492
980	280258	8844.950939759834	251517.23453093812
981	280258	8580.605222113809	251719.65069860278
982	280258	8650.096797277583	251944.19760479042
983	280258	8875.467688323319	251522.8363273453
984	280258	8881.339032504005	251582.91816367264
985	280258	8853.77136083784	251373.59580838322
986	280258	8843.520688870713	251352.35928143712
987	280258	8830.958189506133	251650.1886227545
988	280258	8775.857375283433	251615.20958083833
989	280258	8988.61470545284	251770.79141716566
990	280258	8606.121682105455	251635.74650698603
991	280258	8772.73270926557	251401.20858283434
992	280258	8500.336574988547	251490.72455089822
993	280258	8594.044134693724	251248.93413173652
994	280258	8579.856286286167	251853.9720558882
995	280258	8528.131768323503	251844.46606786427
996	280258	8634.229988972185	251542.7375249501
997	280258	8589.921454306635	251804.56886227545
998	280258	8509.966224894624	251900.99800399202
999	280258	8724.872890207422	251495.35429141717
