generation	best	sd	avg
0	258668	6519.363128191676	252550.45908183634
1	262152	7081.6466905075695	255001.44111776448
2	264308	7755.364812883689	257371.7864271457
3	265491	8559.362838906905	260485.86327345308
4	268280	9876.646218031883	262020.2005988024
5	271176	10462.014787670003	265068.8512974052
6	280536	12004.641266427136	267910.46906187624
7	280559	12819.432767054239	270829.59481037926
8	281502	14364.09962358616	273698.48602794413
9	290497	15235.713301410506	276802.63373253495
10	290497	15910.692793210574	279826.0768463074
11	293502	17100.584414434637	281830.4001996008
12	293502	18552.100861695875	283208.0089820359
13	294387	19075.01823907812	285753.99600798404
14	299110	18877.331843054297	288597.18063872255
15	299110	19493.55276547843	290446.9361277445
16	302848	20542.806521678773	291586.26447105786
17	302848	22006.507453463157	292237.119760479
18	306245	23871.01374546557	291777.68163672654
19	307640	23772.31414072742	293895.5738522954
20	308376	24626.341191657288	295043.05089820357
21	310451	24862.191787289303	296810.7235528942
22	310593	23984.870345006686	299867.93113772455
23	313183	25543.7857607674	300220.99500998005
24	313183	26702.117586149743	300380.5658682635
25	316490	27972.723164249237	299683.6596806387
26	317583	27649.848303905947	301805.04191616765
27	317583	27250.871589214967	303740.1127744511
28	318038	27538.461293314333	304456.7015968064
29	318818	27895.13846881508	304659.97904191614
30	319121	28517.127115423864	304865.3043912176
31	319740	28933.833792900725	304714.8592814371
32	320757	30247.114801396314	304047.45708582836
33	321661	29604.457178432483	305461.68962075847
34	321661	26179.710106589562	310256.5129740519
35	322602	27298.138758300316	310109.1756487026
36	322639	28814.576800636398	308767.18962075847
37	323218	27896.9745029269	310299.7774451098
38	323395	29391.138904171945	309072.23552894214
39	323531	30537.74089060475	307869.90219560877
40	323613	31419.10577754752	307153.6996007984
41	323813	30528.059106447756	308242.22654690617
42	324107	27254.4184506059	312600.64371257485
43	324446	21975.298297691097	317146.0349301397
44	324446	21615.60792807418	317638.3992015968
45	324446	21785.18846463135	317513.6746506986
46	324446	24353.743102978457	315657.3343313373
47	324557	22736.57212261411	316958.4011976048
48	324557	19893.046907822518	319000.88223552896
49	324557	21670.47802261876	317827.0738522954
50	324557	20089.801728701	318826.14471057884
51	324557	22013.302414215246	317623.88123752497
52	324557	20943.14446211374	318367.9910179641
53	324557	20143.583816212547	318850.76946107787
54	324557	21732.97542275495	317925.90419161675
55	324557	19740.760201328543	319045.9271457086
56	324557	20066.708819791667	319040.1666666667
57	324557	20517.513320369886	318630.94910179643
58	324557	21168.05612672399	318179.26746506983
59	324557	19426.966888428648	319175.4231536926
60	324557	20152.860327048103	318846.7854291417
61	324557	20967.70974971353	318240.35828343313
62	324557	19943.47503349538	318949.95608782436
63	324557	19748.09154462618	319000.58882235526
64	324557	21070.54825584513	318215.27045908186
65	324557	19838.835034226933	318899.0648702595
66	324557	22014.907671684516	317592.75648702594
67	324557	22111.669710882954	317473.63373253495
68	324557	20468.945871212345	318594.27045908186
69	324557	21202.16301495895	318209.124750499
70	324557	19830.238187723	318943.23552894214
71	324557	20333.716263300157	318707.80139720556
72	324557	20640.584032839713	318544.9920159681
73	324557	22180.895746871138	317537.0479041916
74	324557	20256.05330521467	318657.22954091814
75	324557	20205.09454928473	318752.5349301397
76	324557	20176.278144232136	318847.1666666667
77	324557	22060.81985377112	317570.1666666667
78	324557	22366.390349404835	317396.5359281437
79	324557	20060.055866784125	318840.130738523
80	324557	20069.886511858942	318910.6377245509
81	324557	22464.830562073916	317327.6776447106
82	324557	21118.921928740176	318113.6636726547
83	324557	21791.589239761113	317689.2425149701
84	324557	21111.82504264272	318158.0848303393
85	324557	21517.289408482444	317999.56786427146
86	324557	19628.421752116305	319076.1467065868
87	324557	22884.24068625795	316840.61876247503
88	324557	20505.703418247947	318542.1646706587
89	324557	19803.89178683114	319105.5089820359
90	324557	21668.572821792026	317852.3483033932
91	324557	21395.402544263976	317949.1726546906
92	324557	21114.442763168918	318152.3323353293
93	324557	20158.110130363904	318726.3972055888
94	324557	22162.395419348453	317379.08782435127
95	324557	20280.788119080218	318817.2794411178
96	324557	23446.954909937693	316485.8962075848
97	324557	20371.637785890554	318705.52994011977
98	324557	20161.856402101723	318816.3053892216
99	324557	19963.37019227335	318870.4271457086
100	324557	20010.17552719257	318810.5938123753
101	324557	19531.477731989227	319271.4461077844
102	324557	20559.18625787934	318442.94311377243
103	324557	21370.855491378115	317915.35628742515
104	324557	21268.20136438265	318109.1037924152
105	324557	20335.464750148738	318793.95708582836
106	324557	20693.693990536267	318403.6467065868
107	324557	21380.668041597924	318115.55988023954
108	324557	20642.540785376063	318501.20958083833
109	324557	21727.2818734523	317885.5918163673
110	324557	23365.842872774374	316727.6487025948
111	324557	20869.965157395436	318397.21756487025
112	324557	20936.12169549939	318216.05089820357
113	324557	19552.652429342754	319264.3962075848
114	324557	20793.264802787184	318541.99600798404
115	324557	21036.417558854613	318224.3892215569
116	324557	21407.88380867361	318028.0129740519
117	324557	19741.990680624283	319123.9540918164
118	324557	20997.054296516664	318273.33133732533
119	324557	21447.17642845994	317934.9241516966
120	324557	22249.67055542375	317509.98303393216
121	324557	19563.554007428567	319297.4610778443
122	324557	22154.70605621325	317459.872255489
123	324557	19791.297733647265	319035.73353293416
124	324557	21006.10911277221	318355.23053892213
125	324557	20206.628848852586	318802.4011976048
126	324557	18371.427794472056	319819.1107784431
127	324557	22491.901923256333	317474.71656686626
128	324557	21408.282638431163	318151.50399201596
129	324557	20774.932400581332	318420.7035928144
130	324557	20749.086453246982	318391.2964071856
131	324557	21191.936197731353	318133.32135728543
132	324557	21007.907789964313	318352.23353293416
133	324557	20245.86030872511	318825.5918163673
134	324557	21990.66343207484	317682.4610778443
135	324557	21125.243739665282	318317.29241516965
136	324557	19956.154471955204	318867.26646706584
137	324557	20943.60475312072	318323.3343313373
138	324557	20629.645853301186	318547.45708582836
139	324557	20671.620119157662	318572.93013972056
140	324557	20806.71860247009	318373.369261477
141	324557	20254.165281791917	318823.875249501
142	324557	24089.649479355667	316048.06886227545
143	324557	21450.553909234255	317972.0548902196
144	324557	21612.687987505993	317872.3353293413
145	324557	19648.92824139288	319114.26347305387
146	324557	20832.62334862424	318363.3123752495
147	324557	22293.745671553756	317456.3373253493
148	324557	21562.148273264665	318020.5099800399
149	324557	21240.9116972388	318073.629740519
150	324557	20491.793710257658	318632.6876247505
151	324557	18755.186006820546	319559.74451097805
152	324557	20478.811309065353	318509.6936127744
153	324557	20970.636374749487	318317.2235528942
154	324557	20207.10323694423	318791.98403193615
155	324557	20715.104240346755	318563.749500998
156	324557	20026.134421601135	318884.9361277445
157	324557	20639.241818770035	318461.2395209581
158	324557	20397.696464186534	318735.380239521
159	324557	19744.042880109922	319041.7854291417
160	324557	21144.505942626765	318020.88323353295
161	324557	18329.01455499322	319833.1387225549
162	324557	23332.025251263163	316736.96706586826
163	324557	21802.503691253773	317655.3512974052
164	324557	21592.925286106693	317886.88522954093
165	324557	20961.411656321805	318409.626746507
166	324557	20847.584774191586	318363.14471057884
167	324557	18359.371533476988	319904.53393213573
168	324557	18731.14532563009	319726.0768463074
169	324557	18271.704151684135	319841.5349301397
170	324557	20988.237997507113	318488.48403193615
171	324557	20916.774703454674	318217.9231536926
172	324557	20191.354806475305	318877.379241517
173	324557	20217.72223861565	318748.3323353293
174	324557	19625.472785713675	318959.03393213573
175	324557	21934.3432366761	317573.8642714571
176	324557	21109.486019497454	318283.69760479045
177	324557	22093.45796594932	317566.52095808386
178	324557	20894.70800694354	318266.77245508984
179	324557	20215.641370615584	318830.630738523
180	324557	20745.31864218284	318393.55688622757
181	324557	19003.747632349747	319447.6017964072
182	324557	22090.322902687425	317473.6467065868
183	324557	21024.099477292482	318187.9101796407
184	324557	19480.142159719366	319237.8532934132
185	324557	20476.646261170492	318598.0988023952
186	324557	19110.874271083212	319463.6946107784
187	324557	22621.238580492125	317147.7964071856
188	324557	20673.212481648505	318415.72954091814
189	324557	23088.603746743505	316899.5858283433
190	324557	20765.73687226172	318505.26646706584
191	324557	19657.531658678166	319191.1846307385
192	324557	19784.631298176122	318988.4890219561
193	324557	19855.563252321914	318932.17864271457
194	324557	21655.228614092666	317924.5868263473
195	324557	20283.146582851237	318567.85429141717
196	324557	21438.857604365305	317926.15269461076
197	324557	20560.733526384454	318606.380239521
198	324557	18905.740273966127	319557.3143712575
199	324557	22399.740132688206	317374.81037924153
200	324557	19693.378208665014	319097.10578842316
201	324557	21330.7977654264	318003.54091816366
202	324557	19915.92252789138	318993.63173652696
203	324557	21574.576631921485	318017.60479041917
204	324557	19202.45914429007	319396.7215568862
205	324557	20906.51256958525	318467.96906187624
206	324557	21262.241042515558	318151.5179640719
207	324557	20661.217138634063	318454.8532934132
208	324557	22170.2057544188	317493.91916167666
209	324557	20218.009400433337	318798.749500998
210	324557	21012.216495096134	318226.65369261475
211	324557	20052.360591391895	318838.1656686627
212	324557	21314.340755749345	318101.2584830339
213	324557	21048.243804745875	318304.0818363273
214	324557	22325.007604617567	317491.07884231536
215	324557	19406.568585921374	319259.3153692615
216	324557	19365.991518909792	319315.89520958083
217	324557	19800.71006980849	319113.76546906185
218	324557	21378.0405869172	318072.7125748503
219	324557	19982.0637049643	318935.1636726547
220	324557	19662.220149837063	319072.5249500998
221	324557	21757.07641683243	317841.1866267465
222	324557	21082.035484903983	318292.81836327346
223	324557	19177.80006225141	319445.73552894214
224	324557	22554.076270525027	317244.25648702594
225	324557	20952.161371515504	318323.9710578842
226	324557	19590.700964747175	319049.1936127744
227	324557	19057.943193344534	319431.28343313374
228	324557	21730.15287406079	317928.79041916167
229	324557	20186.82765016321	318841.92914171657
230	324557	20259.20371501098	318733.19860279444
231	324557	21631.310959391565	317744.15568862273
232	324557	19697.995640659043	319053.0728542914
233	324557	20517.476141557792	318422.75249501
234	324557	20702.213945387168	318403.1007984032
235	324557	19774.873651169888	319039.127744511
236	324557	20047.050130381744	318878.00499001995
237	324557	19599.94887486882	319253.5558882236
238	324557	22398.52255355518	317339.3163672655
239	324557	19661.822557965384	319074.9720558882
240	324557	19140.126331323176	319416.002994012
241	324557	19756.71075170863	319079.8433133733
242	324557	20963.014061248574	318202.0189620759
243	324557	18173.891784290405	319950.5938123753
244	324557	21532.76514304142	317905.69061876246
245	324557	20083.439056687374	318905.47804391215
246	324557	19155.70408038786	319444.6107784431
247	324557	20190.800507415755	318753.9251497006
248	324557	20296.574308443294	318804.76746506983
249	324557	22512.348605342984	317258.51696606784
250	324557	21161.348070857774	318141.5179640719
251	324557	20460.40711595855	318601.22754491016
252	324557	20500.764249852124	318549.03393213573
253	324557	21247.557233373474	318156.5928143713
254	324557	21875.743782498434	317802.2415169661
255	324557	21841.507206457503	317724.0648702595
256	324557	20529.50024440932	318540.0389221557
257	324557	22042.12121976305	317622.14271457086
258	324557	20500.27230482427	318382.4001996008
259	324557	22391.77051412272	317303.0099800399
260	324557	21147.589441101605	318274.2105788423
261	324557	19190.308924914192	319314.51497005986
262	324557	20300.54923943939	318678.4870259481
263	324557	19344.062644892314	319319.751497006
264	324557	20338.045080645938	318709.30938123754
265	324557	20104.36025607453	318820.11676646705
266	324557	21127.79200716451	318151.40319361276
267	324557	19303.4444966291	319285.4750499002
268	324557	22265.49827147617	317382.5459081836
269	324557	18423.564986909754	319762.4720558882
270	324557	19912.250454760688	318842.0818363273
271	324557	20486.531141883206	318551.10678642715
272	324557	20214.37351117426	318794.8612774451
273	324557	21554.786842466707	317899
274	324557	20510.009418244586	318623.76746506983
275	324557	19744.99178845472	319094.19760479045
276	324557	20195.529711353185	318756.50499001995
277	324557	19433.553616251727	319211.76546906185
278	324557	20660.010221483826	318418.72854291415
279	324557	18884.809200237505	319487.3433133733
280	324557	20944.072372052713	318335.59580838325
281	324557	18472.85377098561	319750.3592814371
282	324557	21155.895995046005	318106.3053892216
283	324557	22456.1443410228	317318.02195608785
284	324557	22143.400961034702	317553.2015968064
285	324557	20692.4201290316	318536.2115768463
286	324557	20573.837987996776	318481.371257485
287	324557	20320.60621986906	318678.3982035928
288	324557	19183.33930912063	319402.3433133733
289	324557	21470.77718261831	318011.2245508982
290	324557	20045.646095472366	318962.48602794413
291	324557	22212.818022680483	317398.7125748503
292	324557	20206.77377886636	318760.34630738525
293	324557	19586.247510866284	319208.68962075847
294	324557	22751.021026696555	317055.8483033932
295	324557	19347.938581235034	319352.19061876246
296	324557	20556.06755196142	318602.66866267467
297	324557	20422.750798690715	318604.47005988023
298	324557	21437.141552803227	318018.0109780439
299	324557	19853.312570710954	319187.0249500998
300	324557	20646.849698233513	318511.3972055888
301	324557	18343.938252386743	319784.99600798404
302	324557	21569.27686054277	317894.1137724551
303	324557	19342.030745393073	319358.0768463074
304	324557	20662.281175780707	318456.8972055888
305	324557	21723.88342876594	317877.8323353293
306	324557	20823.624950217014	318325.30239520955
307	324557	21028.47412727445	318397.18263473053
308	324557	19577.68107435939	319130.6756487026
309	324557	22013.805586746836	317627.2614770459
310	324557	19884.90598417324	318966.622754491
311	324557	20896.9817923456	318145.1956087824
312	324557	20309.927418471307	318604.2784431138
313	324557	20575.262693953362	318566.42015968065
314	324557	20444.171952220797	318646.10578842316
315	324557	20616.884894175502	318556.23552894214
316	324557	21466.583306344502	318084.38423153694
317	324557	19384.463824636074	319351.879241517
318	324557	19637.08649988603	319239.1836327345
319	324557	20092.42147211876	318825.85828343313
320	324557	20887.99551095009	318383.9920159681
321	324557	19728.883537064485	319135.3333333333
322	324557	18640.739200508193	319706.94810379244
323	324557	19954.116203383932	318857.92015968065
324	324557	20306.250783519972	318722.35728542914
325	324557	19134.225588796293	319451.1676646707
326	324557	20998.198532026145	318192.6856287425
327	324557	18866.878054729652	319531.2574850299
328	324557	19200.96980194807	319355.54291417164
329	324557	21939.26398493325	317569.10578842316
330	324557	20358.132516386366	318662.36526946106
331	324557	19961.053255466493	318910.0189620759
332	324557	18447.19179536184	319676
333	324557	20239.18136673575	318823.14471057884
334	324557	21041.96248015817	318264.124750499
335	324557	20557.66551645258	318570.19261477044
336	324557	20003.948865925307	318979.2684630739
337	324557	20590.710710350108	318475.4251497006
338	324557	21342.191171552255	318042.9231536926
339	324557	21565.466121538822	317936.51497005986
340	324557	21436.18791043623	317892.82035928144
341	324557	20670.31760136327	318498.2964071856
342	324557	20610.267627446447	318594.6477045908
343	324557	21562.402135118806	317980.76447105786
344	324557	18622.46347109851	319798.749500998
345	324557	21198.38415803237	318168.2764471058
346	324557	19624.73243634773	319007.68163672654
347	324557	20135.02640180665	318769.872255489
348	324557	21567.422087702143	317929.86826347304
349	324557	21309.057766759543	318097.66866267467
350	324557	20764.520645855522	318386.83832335327
351	324557	21342.580364212594	318046.42914171657
352	324557	20826.563685051908	318447.8403193613
353	324557	22458.27319592138	317447.6756487026
354	324557	21455.794397742215	317887.0239520958
355	324557	20291.315335387153	318728.0289421158
356	324557	19282.75709976526	319292.96706586826
357	324557	20128.467168054463	318778.9451097804
358	324557	22713.392181266136	317155.9750499002
359	324557	20494.179257351196	318509.130738523
360	324557	20027.37427661147	318887.628742515
361	324557	20750.346231272702	318431.1027944112
362	324557	20490.809763191228	318586.96906187624
363	324557	20095.404206222673	318868.9820359281
364	324557	21030.355414130216	318267.8882235529
365	324557	20891.654233050584	318391.6746506986
366	324557	21042.481341362498	318314.85728542914
367	324557	20267.74575137934	318811.94910179643
368	324557	21642.19584367196	317827.89421157684
369	324557	20631.853744043125	318545.501996008
370	324557	19589.568413593213	319131.19860279444
371	324557	20712.308859608558	318566.24650698603
372	324557	19081.994818621657	319423.32035928144
373	324557	21101.00856925522	318211.5898203593
374	324557	20659.25212246723	318541.7764471058
375	324557	20007.809269775422	318762.1117764471
376	324557	19987.1130064782	319062.52095808386
377	324557	22610.733153066012	317147.19760479045
378	324557	19420.997790072986	319253.0938123753
379	324557	21197.42117428337	318096.128742515
380	324557	20667.780434308417	318575.11876247503
381	324557	18930.3932297223	319474.23053892213
382	324557	20612.442620020447	318545.0399201597
383	324557	20463.54996114708	318600.5558882236
384	324557	19308.746425326135	319284.2425149701
385	324557	19421.443961896908	319180.22854291415
386	324557	21466.90228748556	318057.1367265469
387	324557	18964.49911717203	319497.79041916167
388	324557	21940.0967569987	317659.27145708585
389	324557	21056.774697448836	318140.9650698603
390	324557	21773.469356958398	317788.9241516966
391	324557	20402.55581695027	318570.84730538924
392	324557	20976.06364021956	318365.64171656687
393	324557	20688.738524978373	318405.2005988024
394	324557	19973.208235803042	318895.3373253493
395	324557	19571.969420331417	319007.630738523
396	324557	20378.411096179927	318624.6037924152
397	324557	21019.769552222617	318270.78243512975
398	324557	21728.36242987318	317883.88522954093
399	324557	21280.57528015748	318071.1107784431
400	324557	21937.596131206046	317610.8902195609
401	324557	21218.262551141223	318088.3113772455
402	324557	20089.138058071632	318909.2994011976
403	324557	20711.9886158318	318476.58782435127
404	324557	20345.096720294794	318712.01696606784
405	324557	20686.11808412739	318447.26646706584
406	324557	21200.43709327527	318258.2145708583
407	324557	21028.186730650566	318224.3263473054
408	324557	21569.290581945246	317805.61776447104
409	324557	20891.287027720395	318308.0269461078
410	324557	21526.92043639944	317822.3053892216
411	324557	21174.283992835983	318145.2025948104
412	324557	18910.31991600956	319641.1636726547
413	324557	22357.272125162344	317398.1467065868
414	324557	18188.891461539617	319904.08782435127
415	324557	21333.417651005253	318055.873253493
416	324557	21000.693604965458	318198.2744510978
417	324557	20012.32327179829	318894.21956087823
418	324557	19472.440285515728	319282.621756487
419	324557	19408.593717365122	319301.8353293413
420	324557	19526.11572662298	319109.63273453095
421	324557	20985.77027101413	318447.127744511
422	324557	21230.922604188137	318039.3363273453
423	324557	21485.997822915648	318050.43912175647
424	324557	21465.644328245253	317886.8363273453
425	324557	20689.095372942138	318442.6357285429
426	324557	21141.397585815186	318271.622754491
427	324557	21810.904417334383	317655.24550898204
428	324557	19759.50369776615	319001.1027944112
429	324557	18978.27358376688	319456.34530938126
430	324557	21274.90992877525	318159.18962075847
431	324557	19355.113169534012	319275.4650698603
432	324557	20951.362896963554	318363.39520958083
433	324557	20646.85771941536	318460.57085828343
434	324557	20087.00484677564	318866.74550898204
435	324557	19543.142420618933	319225.80339321354
436	324557	20263.86135147	318861.97704590816
437	324557	21150.185434131727	318222.7415169661
438	324557	20361.02968587686	318786.55888223555
439	324557	19459.97922830803	319126.23053892213
440	324557	18752.022324283193	319643.4710578842
441	324557	19531.78673265487	319310.6776447106
442	324557	22665.13334430826	317251.9530938124
443	324557	19891.880659372884	318971.5399201597
444	324557	20069.136686805115	318913.15469061874
445	324557	19741.08230848598	319006.4630738523
446	324557	19728.453770338714	318975.0379241517
447	324557	19902.74043372249	318918.624750499
448	324557	21204.765178901496	318167.9810379241
449	324557	20388.66531393702	318699.44111776445
450	324557	20246.392642560255	318700.7205588822
451	324557	21345.06075794021	317957.26447105786
452	324557	20048.851567228732	318837.7155688623
453	324557	20403.533541537432	318453.1017964072
454	324557	22610.034434682304	317311.5618762475
455	324557	19718.56020597107	318971.91117764474
456	324557	22721.755304799884	317196.9740518962
457	324557	19644.966459070976	319197.4640718563
458	324557	20197.99788263851	318831.8642714571
459	324557	20295.057804877695	318649.6726546906
460	324557	22680.91452337677	317165.6487025948
461	324557	20460.286346393033	318551.7015968064
462	324557	21589.535309421426	317806.249500998
463	324557	20971.6109275405	318363.44111776445
464	324557	20306.23314311818	318764.34730538924
465	324557	20633.04447439483	318583.3912175649
466	324557	20303.194238444885	318644.66167664673
467	324557	20596.653839752413	318557.3373253493
468	324557	20725.17597875878	318401.14171656687
469	324557	21059.444681906847	318432.13173652696
470	324557	21731.298576893474	317675.3253493014
471	324557	20933.725151025537	318376.06786427146
472	324557	21709.130978555415	317816.0898203593
473	324557	19029.07978708369	319525.0908183633
474	324557	21734.517181682553	317880.6856287425
475	324557	19571.58254197405	318973.499001996
476	324557	19949.702534539007	318870.88522954093
477	324557	21385.163499075727	318072.86626746505
478	324557	18860.943016517263	319608.9151696607
479	324557	19656.149851293747	319075.60479041917
480	324557	19158.714167947895	319448.44710578845
481	324557	18545.0560038375	319737.5289421158
482	324557	21985.619847826474	317554.3123752495
483	324557	20420.42977596607	318532.377245509
484	324557	18775.809829311518	319555.0988023952
485	324557	20302.02389325737	318728.97904191614
486	324557	20332.00417190627	318721.2584830339
487	324557	20509.66213597206	318706.3592814371
488	324557	20821.100964572204	318367.3263473054
489	324557	20765.544043597398	318507.21656686626
490	324557	20797.973183011927	318502.35628742515
491	324557	20643.547990264746	318500.66866267467
492	324557	19217.98275251679	319391.97005988023
493	324557	21377.558401725015	318123.64171656687
494	324557	20601.23826106689	318520.8273453094
495	324557	20283.300414584013	318651.2624750499
496	324557	20631.956794693415	318503.5349301397
497	324557	20693.913079606	318440.34630738525
498	324557	22277.577222985536	317416.7395209581
499	324557	23061.9376770727	316829.9510978044
500	324557	19924.53880069634	318958.2774451098
501	324557	21468.263804740494	317969.5988023952
502	324557	21112.07963197036	318370.9371257485
503	324557	21768.567849654206	317787.0988023952
504	324557	21165.54144644045	318228.6037924152
505	324557	20955.62604893833	318245.4081836327
506	324557	19059.11017496571	319518.1477045908
507	324557	19788.52966781951	318908.75648702594
508	324557	20298.383351150656	318762.5868263473
509	324557	19901.18720331072	318966.95908183634
510	324557	22142.003513888023	317591.6087824351
511	324557	20586.888188122837	318480.8502994012
512	324557	21529.85168029345	317909.09580838325
513	324557	20506.561370689116	318581.24451097805
514	324557	19355.139467346828	319273.51596806385
515	324557	19394.976364421505	319217.3912175649
516	324557	22654.608283609927	317086.7864271457
517	324557	21335.84217294335	317969.3882235529
518	324557	21417.674928673445	318066.5938123753
519	324557	21078.32917863135	318288.69161676645
520	324557	21575.436155066513	317927.9810379241
521	324557	19196.347296546523	319277.8363273453
522	324557	20029.87397818436	319003.2744510978
523	324557	20602.01330022438	318562.3912175649
524	324557	21325.379478684255	318011.64371257485
525	324557	20838.78881898017	318401.39520958083
526	324557	20737.027014998097	318428.4820359281
527	324557	20534.232816164465	318539.4181636727
528	324557	19646.26653881663	319318.44211576844
529	324557	20899.908024605775	318308.8972055888
530	324557	20705.12536005387	318367.5279441118
531	324557	22248.422084145408	317393.2744510978
532	324557	22255.23792981252	317387.130738523
533	324557	21955.656743465253	317736.0898203593
534	324557	19508.615610615823	319189.88522954093
535	324557	21176.606361381233	318177.869261477
536	324557	21893.792205062	317671.8642714571
537	324557	20599.158413216468	318556.77245508984
538	324557	19739.350792963218	319047.9251497006
539	324557	20548.476500621626	318487.75548902195
540	324557	19839.85845957034	319101.9610778443
541	324557	21341.13083662592	318121.69760479045
542	324557	23102.662009215495	316817.00598802394
543	324557	20932.333104108642	318339.3053892216
544	324557	21996.125891103984	317592.02195608785
545	324557	20280.55180369644	318689.14171656687
546	324557	19794.877622241012	319115.81736526947
547	324557	20196.315099377643	318803.6936127744
548	324557	21428.518873990677	318061.5489021956
549	324557	20938.30718353433	318295.3872255489
550	324557	21531.166394328648	318030.88423153694
551	324557	20532.862138694796	318577.51596806385
552	324557	20694.316368653497	318526.9540918164
553	324557	19991.976450181213	318853.69860279444
554	324557	19297.64422061404	319247.5928143713
555	324557	19943.924490976726	318993.23453093815
556	324557	20547.456092658907	318569.0369261477
557	324557	21697.59313740154	317810.32035928144
558	324557	20055.834109820506	318921.2245508982
559	324557	22065.37955211325	317691.6866267465
560	324557	21464.884984980945	317877.14171656687
561	324557	20637.9747347834	318379.01696606784
562	324557	18925.525889820674	319589.2245508982
563	324557	19648.370497069554	319155.14371257485
564	324557	21240.132275613112	318084.6726546906
565	324557	20181.2444211698	318797.9251497006
566	324557	19996.663366959703	318813.7215568862
567	324557	20693.03428362344	318364.27345309383
568	324557	20975.10226655672	318278.25349301397
569	324557	21942.474699960367	317734.5119760479
570	324557	20314.525557738118	318717.9810379241
571	324557	20495.744470470712	318628.4091816367
572	324557	21927.684507911876	317656.5099800399
573	324557	20084.805441737313	318823.95608782436
574	324557	19521.799756206852	319274.376247505
575	324557	20108.06829434468	318904.54391217564
576	324557	20655.783664088685	318458.5898203593
577	324557	19773.50370037219	318953.3612774451
578	324557	21046.236773696983	318299.8512974052
579	324557	21893.93318802913	317619.15369261475
580	324557	19930.353336958917	318995.72854291415
581	324557	20292.369450244852	318642.34730538924
582	324557	21592.048479616235	317969.20558882237
583	324557	21546.84270010298	317903.3353293413
584	324557	21943.69246186122	317693.43013972056
585	324557	20801.292474630467	318415.29341317364
586	324557	18325.897346764486	319829.15568862273
587	324557	20819.930749128758	318536.40219560877
588	324557	22345.77870908924	317440.0479041916
589	324557	19843.49038498565	319058.0728542914
590	324557	22237.208571801893	317427.4251497006
591	324557	21422.33235069114	318105.76746506983
592	324557	20238.837309047874	318743.1766467066
593	324557	20788.015259384483	318410.45908183634
594	324557	18901.353478226345	319599.27145708585
595	324557	19701.465841292924	319222.1097804391
596	324557	20895.542190406	318471.50499001995
597	324557	22315.744838557544	317323.61477045907
598	324557	22532.673817384148	317334.3373253493
599	324557	22673.314741656013	317039.10678642715
600	324557	20761.63491584229	318424.97005988023
601	324557	20436.016693434158	318561.72754491016
602	324557	19133.604055737505	319456.6566866267
603	324557	19828.29125843039	318944.69760479045
604	324557	22196.491219549494	317407.21656686626
605	324557	20183.619859524835	318840.26347305387
606	324557	20447.763295280623	318727.09680638724
607	324557	21453.123784142088	317896.80738522956
608	324557	20241.96948233882	318746.49401197606
609	324557	22019.435990721457	317663.20758483035
610	324557	19392.768775060096	319392.72954091814
611	324557	21445.262752779243	317971.7684630739
612	324557	21399.41934915247	317934.4441117764
613	324557	20424.426939471326	318611.24550898204
614	324557	20544.74096929758	318652.2255489022
615	324557	19114.406073562546	319426.74451097805
616	324557	21887.603505158622	317798.79341317364
617	324557	21853.840931730243	317765.8512974052
618	324557	21769.85025293135	317791.8423153693
619	324557	20087.973177553686	318868.16866267467
620	324557	19469.25994236278	319161.89520958083
621	324557	20195.835484228257	318878.0089820359
622	324557	22644.805855016784	317300.1017964072
623	324557	20714.80645634779	318483.82834331336
624	324557	20991.24172921937	318194.0119760479
625	324557	19726.786889581144	319047.0079840319
626	324557	20088.319509099667	318968.0928143713
627	324557	20102.286710214023	318864.6606786427
628	324557	21525.059673594238	317907.56886227545
629	324557	20687.890741302086	318489.69760479045
630	324557	20950.034659966605	318365.2584830339
631	324557	19687.729278807878	319189.2984031936
632	324557	19765.454681445517	319163.0628742515
633	324557	20142.101457131717	318898.1656686627
634	324557	20683.234084937078	318528.4001996008
635	324557	20464.35535927393	318587.59780439123
636	324557	20529.78098664478	318464.0838323353
637	324557	21768.602421123247	317835.48602794413
638	324557	21402.004244507247	318069.6756487026
639	324557	19779.41070060982	318954.7954091816
640	324557	21337.608380638503	318096.126746507
641	324557	21313.94232208879	318135.05788423156
642	324557	20629.312985124423	318546.7964071856
643	324557	20555.001798337522	318610.41117764474
644	324557	22473.583227310286	317271.3972055888
645	324557	20613.50603415168	318547.5738522954
646	324557	20794.554796430602	318416.81836327346
647	324557	21381.25628388498	318074.9131736527
648	324557	21125.472233739518	318194.5538922156
649	324557	19597.187464692666	319167.0129740519
650	324557	19798.33160023213	318987.29141716566
651	324557	21411.688266184607	317939.7994011976
652	324557	20633.44309934553	318504.04391217564
653	324557	19403.68431616894	319384.75648702594
654	324557	19298.78813657616	319287.79041916167
655	324557	19301.03301005436	319374.2035928144
656	324557	21488.978534401424	317962.09780439123
657	324557	19658.54305459893	318993.3053892216
658	324557	20218.447301228476	318788.80738522956
659	324557	21517.585162944884	317953.5259481038
660	324557	19832.656264878104	318938.6646706587
661	324557	21022.19859216909	318387.48403193615
662	324557	20273.239467291496	318733.9810379241
663	324557	21827.56214842238	317812.63373253495
664	324557	20940.22139550337	318252.9530938124
665	324557	20086.95492848144	318863.65269461076
666	324557	18497.001927023324	319745.74451097805
667	324557	21365.52482489675	318041.3992015968
668	324557	20799.055874851718	318453.502994012
669	324557	19873.60377721689	319015.4600798403
670	324557	22472.48958197217	317150.0119760479
671	324557	20112.93781190051	318821.90419161675
672	324557	19889.202709536137	318969.68163672654
673	324557	20569.61509489926	318605.5838323353
674	324557	19536.235085926455	319146.9101796407
675	324557	20535.09871466886	318493.4101796407
676	324557	19136.162208638605	319416.875249501
677	324557	20941.10134651122	318333.49401197606
678	324557	20612.254151920235	318591.24351297406
679	324557	21264.93797231494	317983.369261477
680	324557	20617.561623692753	318509.95608782436
681	324557	19919.558654957462	318955.38522954093
682	324557	19553.17727272588	319144.11776447104
683	324557	20453.34742225698	318677.6007984032
684	324557	22097.37752926488	317653.65469061874
685	324557	19665.65959587184	319068.6357285429
686	324557	20643.53977143475	318502.97005988023
687	324557	22804.30680053205	317122.7844311377
688	324557	20934.99540529063	318297.6956087824
689	324557	21541.50224706576	317858.875249501
690	324557	22129.411673428327	317550.28243512975
691	324557	20171.24389909044	318721.2255489022
692	324557	20800.457735088847	318286.80838323355
693	324557	20569.96875649399	318562.1736526946
694	324557	18711.77777275984	319569.21756487025
695	324557	21303.924349917783	318052.2125748503
696	324557	20229.941930899648	318827.1866267465
697	324557	21861.78262233334	317715.3423153693
698	324557	20232.77284178279	318701.5918163673
699	324557	22193.68182490393	317576.14471057884
700	324557	20550.671261043724	318492.07884231536
701	324557	22085.6234407162	317564.7974051896
702	324557	21490.641672867285	318038.08882235526
703	324557	19859.053864056055	319017.73353293416
704	324557	21397.828654673136	317942.23453093815
705	324557	19521.660445778183	319145.79241516965
706	324557	20966.54972598473	318406.09680638724
707	324557	20624.762437388	318581.7864271457
708	324557	19429.045256859303	319343.7994011976
709	324557	20245.964854460508	318822.8483033932
710	324557	22227.889487242523	317483.9171656687
711	324557	21735.005792156924	317761.76546906185
712	324557	21302.39641483599	318223.1676646707
713	324557	21504.099225259008	317954.3413173653
714	324557	19569.44200561751	319056.629740519
715	324557	19710.752139364027	319137.46606786427
716	324557	20295.794518064562	318774.72754491016
717	324557	20788.674346167507	318299.86626746505
718	324557	20927.617953648532	318374.9231536926
719	324557	20737.17438401381	318394.5079840319
720	324557	21713.997514253613	317844.4620758483
721	324557	21954.69940028974	317534.0129740519
722	324557	20089.938094698922	318785.46806387225
723	324557	20851.051844200112	318444.0738522954
724	324557	20237.833729986487	318698.77145708585
725	324557	20457.544592836886	318676.7994011976
726	324557	20400.068623859577	318736.6497005988
727	324557	23011.61668265523	316927.55189620756
728	324557	20902.6753416608	318426.67065868265
729	324557	20626.44966494933	318590.2035928144
730	324557	21284.750764455937	317935.4510978044
731	324557	19199.02249758873	319322.7015968064
732	324557	20211.273634058874	318829.6836327345
733	324557	21308.389931123875	318064.6736526946
734	324557	19570.677734121415	319136.64371257485
735	324557	19334.240332186706	319322.52295409184
736	324557	18879.904670340213	319647.60479041917
737	324557	19781.047736395496	318992.06986027944
738	324557	21947.79631867564	317736.7215568862
739	324557	20878.559283288752	318432.8642714571
740	324557	20364.16046772526	318582.23253493017
741	324557	20241.026001074777	318864.94311377243
742	324557	21429.950337507486	318062.71656686626
743	324557	21268.232358618217	318075.1676646707
744	324557	20748.85114479728	318307.10578842316
745	324557	20688.204801228803	318404.4451097804
746	324557	20526.61179952544	318611.128742515
747	324557	20276.105644348292	318608.7854291417
748	324557	20544.775050241155	318452.3223552894
749	324557	19467.335720735562	319245.379241517
750	324557	21338.963820878802	318129.5279441118
751	324557	19861.60155150277	319052.6886227545
752	324557	21841.287376076365	317769.9510978044
753	324557	20209.55449989048	318792.1606786427
754	324557	19411.419154206385	319145.869261477
755	324557	20639.994303532036	318501.7994011976
756	324557	19644.501384177634	319072.5538922156
757	324557	20389.538163023622	318574.877245509
758	324557	20792.339617121892	318418.49600798404
759	324557	21017.744805762028	318395.6886227545
760	324557	20666.19305715043	318540.5748502994
761	324557	21339.653397216483	318048.73652694613
762	324557	21343.524828797432	317958.92015968065
763	324557	20614.421068223608	318512.2385229541
764	324557	21812.695747280886	317941.4640718563
765	324557	19655.00913962221	319113.375249501
766	324557	21135.66931070829	318069.0129740519
767	324557	20057.45515002989	318837.97904191614
768	324557	20395.489013348837	318741.8233532934
769	324557	20751.5954897653	318510.1836327345
770	324557	22541.711756143657	317254.00598802394
771	324557	22465.969833672985	317272.04391217564
772	324557	19457.78037463987	319245.0129740519
773	324557	20995.520994114984	318116.4810379241
774	324557	21032.747979550328	318258.8153692615
775	324557	20756.20499127814	318510.98003992013
776	324557	21315.069178958125	318085.4750499002
777	324557	20824.285820207755	318364.880239521
778	324557	20701.16224934046	318401.79041916167
779	324557	19240.183528380374	319383.2624750499
780	324557	21402.292783525107	317984.619760479
781	324557	17612.902382541077	320290.44311377243
782	324557	19612.805306157392	319167.0279441118
783	324557	20864.11945395482	318478.0389221557
784	324557	20486.1675604928	318588.122754491
785	324557	20728.27140882133	318315.23353293416
786	324557	19091.13563975872	319389.9820359281
787	324557	19879.72662906187	319131.9231536926
788	324557	20195.37193924599	318717.1506986028
789	324557	19435.41191103614	319251.44810379244
790	324557	21997.97868633986	317691.18163672654
791	324557	19508.06997653311	319192.94111776445
792	324557	21920.970617819996	317830.0289421158
793	324557	19949.16613899766	318873.7035928144
794	324557	20953.173867731293	318325.7604790419
795	324557	20524.179994452825	318696.121756487
796	324557	20974.175666393578	318279.4171656687
797	324557	20062.527518356295	318878.7125748503
798	324557	21569.978194112067	317893.05688622757
799	324557	20699.912872343928	318485.2415169661
800	324557	20224.463744544188	318745.4810379241
801	324557	20739.00929217579	318391.5558882236
802	324557	20048.37725759219	318881.875249501
803	324557	19561.77371476719	319173.9141716567
804	324557	21725.26984713027	317795.6946107784
805	324557	21068.337597455924	318299.7385229541
806	324557	20755.200130616966	318508.5089820359
807	324557	19080.483421779652	319472.4910179641
808	324557	20833.36346855096	318363.67964071856
809	324557	19677.581923670594	319149.8273453094
810	324557	19202.346967573947	319396.3043912176
811	324557	19785.272582052276	319072.55688622757
812	324557	20518.15465106014	318542.36826347304
813	324557	21997.881891812573	317672.4071856287
814	324557	21173.212106176787	318095.3642714571
815	324557	20740.420962995882	318387.78343313374
816	324557	19736.115497200164	318961.56886227545
817	324557	19829.981199249807	318984.7035928144
818	324557	19557.641688099022	319223.31037924153
819	324557	21452.803001421933	318179.1936127744
820	324557	22433.721099035345	317279.79441117763
821	324557	20181.371897790745	318848.72754491016
822	324557	19997.889889018097	318890.05189620756
823	324557	21611.431159222655	317878.21756487025
824	324557	22258.958922504604	317430.7574850299
825	324557	20633.087327036137	318553.3493013972
826	324557	20910.82543911842	318258.80738522956
827	324557	20211.78950858678	318626.6946107784
828	324557	19157.88695804128	319324.1736526946
829	324557	19218.742918132055	319312.61776447104
830	324557	20509.354712984543	318541.6367265469
831	324557	19909.113668474944	319002.30738522956
832	324557	19913.15183946621	318964.5259481038
833	324557	19652.89247970652	319076.4720558882
834	324557	20775.869232323847	318347.30139720556
835	324557	19050.721570590336	319474.5998003992
836	324557	21784.15674341881	317748.39221556886
837	324557	21658.480301404237	317910.9181636727
838	324557	21465.02043515713	317961.89520958083
839	324557	21726.925525963463	317845.89321357285
840	324557	20567.634787979354	318604.02295409184
841	324557	20260.707214792277	318691.0249500998
842	324557	19287.174006507747	319256.50598802394
843	324557	20606.39220664796	318513.3882235529
844	324557	20765.173886749766	318383.60479041917
845	324557	20755.56580276221	318473.19061876246
846	324557	21204.10731877303	318168.64570858283
847	324557	20037.512446521414	318957.1357285429
848	324557	22364.58674878719	317521.68962075847
849	324557	21215.06969557635	318086.89221556886
850	324557	19841.724367412386	319105.0758483034
851	324557	22256.608781960564	317423.1387225549
852	324557	18940.602115241873	319549.879241517
853	324557	21328.396963807943	318053.23253493017
854	324557	21010.498387737964	318271.621756487
855	324557	19910.509191949805	318920.8622754491
856	324557	18599.163399972636	319678.47904191614
857	324557	22602.37268438919	317272.8622754491
858	324557	20932.15540836399	318335.3253493014
859	324557	21336.87388688499	318050.64271457086
860	324557	21317.683974225794	318225.1377245509
861	324557	20015.758110135503	318845.5179640719
862	324557	19733.710209361907	319047.6037924152
863	324557	21025.270404761253	318225.0089820359
864	324557	19126.443677534622	319497.20558882237
865	324557	21549.636602721286	317774.1946107784
866	324557	20875.47672034309	318390.43213572854
867	324557	19842.784486071065	319108.65369261475
868	324557	22930.318459666712	317041.8433133733
869	324557	21565.134197213836	317775.56087824353
870	324557	19822.195677919248	319066.2874251497
871	324557	18696.057124114515	319537.1477045908
872	324557	21032.572630891995	318347.6876247505
873	324557	19613.09665296783	319158.4610778443
874	324557	21142.486049272167	318270.85528942116
875	324557	20808.079833258696	318407.1017964072
876	324557	20991.809508831462	318236.2744510978
877	324557	18009.13877687452	320073.1836327345
878	324557	22091.98602497473	317572.48303393216
879	324557	20576.217554795403	318562.5369261477
880	324557	21094.83896949109	318168.3972055888
881	324557	20655.85256043718	318500.2744510978
882	324557	18992.11353064174	319459.44211576844
883	324557	18428.077464142625	319761.42914171657
884	324557	22409.24266196862	317299.0728542914
885	324557	21985.177166565598	317677.6007984032
886	324557	19690.501375759217	319099.77045908186
887	324557	22851.79849698119	317021.9061876247
888	324557	21173.049814812275	318132.99500998005
889	324557	20535.326341866865	318661.76347305387
890	324557	18702.93275019074	319650.90319361276
891	324557	20492.34826381196	318585.8123752495
892	324557	20538.27538754441	318695.500998004
893	324557	19884.762758461045	319006.48403193615
894	324557	21560.085801205434	317972.97005988023
895	324557	22217.100805255748	317357.74351297406
896	324557	22014.040030589476	317591.11876247503
897	324557	19171.793027816322	319409.9740518962
898	324557	21558.15374291112	317938.11477045907
899	324557	22535.637755028743	317257.29141716566
900	324557	21596.083621085443	317848.2005988024
901	324557	18842.789752058397	319532.6027944112
902	324557	19766.772765402908	318958.6726546906
903	324557	21199.55680301405	318049.11876247503
904	324557	19040.957147238307	319437.96906187624
905	324557	22118.939160478483	317510.5628742515
906	324557	20068.559105118966	318841.8163672655
907	324557	20613.732031994074	318591.1087824351
908	324557	21164.14448962331	318263.5828343313
909	324557	21355.421531578595	318047.71956087823
910	324557	21171.67846333046	318217.47005988023
911	324557	19417.217331248004	319301.55189620756
912	324557	20229.010997305082	318916.2604790419
913	324557	19974.064092339002	318901.6766467066
914	324557	20597.08726388571	318555.869261477
915	324557	20907.91592174519	318383.3403193613
916	324557	20830.609942373787	318364.628742515
917	324557	20860.291504798497	318476.34630738525
918	324557	19109.506379130136	319469.2425149701
919	324557	19313.012340458925	319285.35828343313
920	324557	20616.96992785634	318468.8912175649
921	324557	21646.304419985252	317871.5279441118
922	324557	21838.37562086003	317775.2744510978
923	324557	20227.365512752694	318788.1996007984
924	324557	20410.57231710242	318655.2754491018
925	324557	21281.91411460139	318101.621756487
926	324557	20258.90465777228	318651.6477045908
927	324557	20935.27898564268	318255.4600798403
928	324557	21197.242264453384	318213.1497005988
929	324557	20784.320289138595	318422.93213572854
930	324557	20551.197029377676	318491.79441117763
931	324557	19866.817943161364	318890.0099800399
932	324557	20723.097528856302	318528.9820359281
933	324557	20378.66903173683	318707.3003992016
934	324557	20490.328306277363	318715.78143712576
935	324557	21888.637804479782	317632.71856287424
936	324557	22208.251965401618	317396.3982035928
937	324557	19850.279562743166	318979.1736526946
938	324557	20080.628533252682	318865.92115768464
939	324557	20248.388919030785	318781.4810379241
940	324557	22764.981173341304	317170.9600798403
941	324557	19490.04261162856	319157.48003992013
942	324557	19516.29661275266	319187.5638722555
943	324557	20504.03202878087	318507.1107784431
944	324557	22214.426397586885	317391.81037924153
945	324557	20603.267518916866	318349.7604790419
946	324557	21357.727776347238	318046.3323353293
947	324557	20584.699213708653	318434.3003992016
948	324557	22893.725641811227	316891.5469061876
949	324557	19086.499841848006	319432.31736526947
950	324557	20200.311140797716	318749.6387225549
951	324557	21785.332747275523	317824.2764471058
952	324557	21385.78915384994	318074.5618762475
953	324557	20716.98079624555	318415.29241516965
954	324557	20979.46268505124	318240.5499001996
955	324557	20382.935006693217	318700.54391217564
956	324557	21695.09679904653	317813.40319361276
957	324557	20394.718039069016	318573.55888223555
958	324557	20608.27901594101	318477.19760479045
959	324557	21740.37737358587	317890.1367265469
960	324557	18787.486087239224	319714.4061876247
961	324557	21614.75694827506	317917.8483033932
962	324557	22302.988000346835	317416.8113772455
963	324557	19897.283262472156	318965.3263473054
964	324557	22181.37411507146	317574.8433133733
965	324557	19282.154785061804	319375.79341317364
966	324557	21147.014342039678	318146.4331337325
967	324557	19671.923206229414	319065.3902195609
968	324557	20624.068437463822	318552.51996007987
969	324557	21433.467064521097	318059.63473053894
970	324557	20785.20757922353	318297.2744510978
971	324557	20227.739827143738	318659.8273453094
972	324557	20522.973318548437	318572.9271457086
973	324557	22072.92823911449	317562.5658682635
974	324557	20466.0270160681	318678.7794411178
975	324557	19696.203198904677	318983.3343313373
976	324557	23122.38246321276	316641.4071856287
977	324557	18601.82490435069	319638.9900199601
978	324557	20384.79299962831	318661.3353293413
979	324557	20715.908489235295	318526.375249501
980	324557	21859.975512120556	317721.9900199601
981	324557	21172.44488528353	318097.0469061876
982	324557	21153.563493578687	318107.86726546905
983	324557	20444.09757473825	318567.4620758483
984	324557	20824.5241295748	318406.50598802394
985	324557	18943.44250490654	319550.6477045908
986	324557	22117.824578162374	317555.2764471058
987	324557	20619.044825278987	318506.7145708583
988	324557	20559.667992270908	318520.7145708583
989	324557	20868.99510413565	318393.0538922156
990	324557	22710.791140217585	317027.0469061876
991	324557	21152.439033349074	318223.0489021956
992	324557	20910.11133216136	318422.59580838325
993	324557	19376.573133580157	319269.9251497006
994	324557	20434.06579020141	318813.6656686627
995	324557	21250.740450990754	318115.8423153693
996	324557	21626.160481052768	317876.20858283434
997	324557	20477.778184191277	318634.81936127745
998	324557	21542.854792245922	317987.8433133733
999	324557	21011.95176554211	318308.31037924153
