generation	best	sd	avg	cv	catastrophe
0	1363	197.09336632800466	1383.77	1424.321717684331	NaN
1	1726	188.61227827252262	1480.12	1274.3039636821516	NaN
2	1726	180.1215571594232	1555.68	1157.8316694913042	NaN
3	1853	155.94298977705301	1652.81	943.5022160868642	NaN
4	1853	159.3776710213888	1721.52	925.7962209058785	NaN
5	1853	140.0232303959063	1770	791.091697152013	NaN
6	2046	146.65870880614924	1811.03	809.8082793004492	NaN
7	2046	158.1147170170245	1838.67	859.9407017954527	NaN
8	2115	125.8540163615903	1898.17	663.0281606051633	NaN
9	2115	121.26317485435376	1954.3	620.4941659640473	NaN
10	2115	120.88390958253953	2006.64	602.4195151224909	NaN
11	2115	94.08344619796219	2043.61	460.3786740031718	NaN
12	2126	92.98268058562783	2066.17	450.02434739458914	NaN
13	2156	116.71468232706229	2085.31	559.6994323484868	NaN
14	2236	112.69328132841665	2114.89	532.8564669009577	NaN
15	2236	101.1556436508821	2150.02	470.48698919490096	NaN
16	2259	71.8744303446903	2199.16	326.82674450558534	NaN
17	2259	80.04949163555699	2208.59	362.44613819476217	NaN
18	2259	57.92062140411119	2228.36	259.9248837894738	NaN
19	2259	46.83775025003709	2241.77	208.93200573670399	NaN
20	2268	65.73797389729327	2242.44	293.15376954252184	NaN
21	2273	75.47651718557663	2242.68	336.54608408500826	NaN
22	2278	41.64740888298653	2261.72	184.14042800605972	NaN
23	2285	110.89511788945975	2252.99	492.21309410809533	NaN
24	2285	25.437584536875885	2273.8	111.87256811010592	NaN
25	2286	30.548758840035827	2274.84	134.289703188074	NaN
26	2295	22.229916597216285	2282.25	97.40351231116786	NaN
27	2298	116.80246425724782	2270.95	514.3330511779116	NaN
28	2298	21.952830516285765	2287.05	95.98754078960128	NaN
29	2298	20.3556658282929	2291.48	88.83195938124224	NaN
30	2308	102.81222021852572	2273.53	452.21404696012684	NaN
31	2309	67.32140608433335	2290.1	293.9671022415325	NaN
32	2309	31.410573719913835	2299.89	136.57424363736453	NaN
33	2309	1.5374122295716148	2308	6.6612314972773605	NaN
34	2309	0.5009082659620326	2308.54	2.169805443969057	NaN
35	2309	0.27265992434429087	2308.92	1.1808981010355095	NaN
36	2309	0	2309	0	2309
37	2309	351.4893005254049	1683.33	2088.0593854170297	NaN
38	2309	274.5700138858075	1909.88	1437.6296619986986	NaN
39	2309	178.08149167380554	2154.05	826.7286816638682	NaN
40	2309	65.50393927548228	2283.96	286.7998532175795	NaN
41	2309	73.94298308477114	2292.97	322.4768884231854	NaN
42	2309	0.21904291355759026	2308.95	0.9486689341804294	NaN
43	2309	0	2309	0	2309
44	2309	363.58138821807967	1651.22	2201.895496772566	NaN
45	2309	294.0058988963633	1874.31	1568.6087087854373	NaN
46	2309	235.14205356238463	2040.65	1152.2899740885728	NaN
47	2309	114.26466000147437	2223.46	513.904725074768	NaN
48	2309	56.37046561755009	2281.63	247.06225644626903	NaN
49	2309	70.71267798834121	2275.4	310.77031725560875	NaN
50	2309	31.234764366815746	2300.84	135.75374370584544	NaN
51	2309	38.773388510235435	2298.91	168.65988016162197	NaN
52	2309	0	2309	0	2309
53	2309	367.79876620815696	1614.87	2277.575075443577	NaN
54	2309	307.6194645166249	1838.32	1673.3727779528313	NaN
55	2309	273.4629291812031	1967.19	1390.11955724258	NaN
56	2309	143.73289586429178	2183.81	658.17491386289	NaN
57	2309	53.14904809242885	2279.37	233.1742897924815	NaN
58	2309	27.96741249411825	2302.84	121.44748438501263	NaN
59	2309	23.502417670606473	2304.4	101.98931466154518	NaN
60	2309	20.07561463642653	2306	87.05817275119918	NaN
61	2309	21.85905262856059	2305.4	94.81674602481387	NaN
62	2309	20.043135301825245	2306.3	86.90601960640525	NaN
63	2309	0	2309	0	2309
64	2309	333.0991327251126	1700.41	1958.9342142489904	NaN
65	2309	277.861676945835	1912.14	1453.1450466275219	NaN
66	2309	195.7135445367834	2106.08	929.2787763844839	NaN
67	2309	112.10055911339317	2248.3	498.60142824975827	NaN
68	2309	85.03532005329113	2285.38	372.0839425097407	NaN
69	2309	76.22706643027568	2284.8	333.6268663790077	NaN
70	2309	0.9000000000000004	2308.91	3.8979431853125517	NaN
71	2309	39.141029649463775	2300.6	170.13400699584358	NaN
72	2309	0	2309	0	2309
73	2309	386.85934736860713	1648.13	2347.262335911652	NaN
74	2309	308.5750541446992	1915.96	1610.5506072397086	NaN
75	2309	244.82714970428268	2084.99	1174.2365656635413	NaN
76	2309	111.29927758938592	2248.81	494.9252164006116	NaN
77	2309	79.75106218221748	2288.48	348.4892250848488	NaN
78	2309	4.350780726409105	2307.6	18.85413731326532	NaN
79	2310	2.4827485583603526	2308.76	10.753601753150402	NaN
80	2310	0.49020713000019767	2309.39	2.1226693196047344	NaN
81	2310	0.45126085985421305	2309.72	1.9537470336413638	NaN
82	2310	0	2310	0	2310
83	2310	324.44232121901075	1621.22	2001.2232838171917	NaN
84	2310	281.42554427360886	1804.08	1559.9393833622062	NaN
85	2310	266.1787650236114	2007.58	1325.8687824326373	NaN
86	2310	167.59825822966113	2203.66	760.5449943714599	NaN
87	2310	33.41190134540614	2302.22	145.12905519631548	NaN
88	2310	1.0039819709436022	2309.89	4.346449272232021	NaN
89	2310	0	2310	0	2310
90	2310	395.0558911998619	1636.12	2414.5899518364295	NaN
91	2310	343.15588986271933	1896.57	1809.3499837217678	NaN
92	2310	215.43940791983357	2154.23	1000.0761660539198	NaN
93	2310	74.11205002964067	2271.7	326.2404808277531	NaN
94	2310	38.16786288981553	2295.39	166.2805139423607	NaN
95	2310	14.883829609290201	2307.37	64.50560425631868	NaN
96	2310	26.403244367526366	2302.8	114.65713204588485	NaN
97	2310	20.703778994339782	2305.8	89.79000344496393	NaN
98	2310	0	2310	0	2310
99	2310	380.20612312350517	1628.97	2334.027779047528	NaN
100	2310	334.5888142877234	1915.61	1746.643702464089	NaN
101	2310	230.16055419439422	2096.59	1097.7852331375911	NaN
102	2310	140.17596265070026	2238.05	626.3307908701782	NaN
103	2310	83.58423501734252	2275.17	367.37577858947907	NaN
104	2310	23.24115993558659	2304.5	100.85120388625121	NaN
105	2310	11.998804654269266	2308.78	51.97032482206735	NaN
106	2310	0	2310	0	2310
107	2310	333.4256138931142	1641.92	2030.705600109105	NaN
108	2310	300.2993617486835	1864.48	1610.6333226888114	NaN
109	2310	240.48912174310018	2023.85	1188.2754242809506	NaN
110	2311	123.23143374409896	2224.44	553.9885712543335	NaN
111	2311	119.00322506452315	2266.49	525.0551516420684	NaN
112	2311	124.24227350323449	2267.17	548.0059876552464	NaN
113	2311	63.50806120788009	2298.17	276.3418772670433	NaN
114	2311	0.5009082659620326	2310.54	2.167927263592202	NaN
115	2311	21.207629178046602	2308.71	91.85921652371498	NaN
116	2311	0	2311	0	2311
117	2311	321.5193192115563	1533.29	2096.924386199325	NaN
118	2311	287.31341332201583	1665.95	1724.622067421086	NaN
119	2311	240.3317696330419	1849.79	1299.2381277498628	NaN
120	2311	199.26873256428814	1962.95	1015.1493036719638	NaN
121	2311	168.4860393461294	2051.7	821.2021218800477	NaN
122	2311	170.04040399240114	2122.72	801.0496155517503	NaN
123	2311	96.04502100893133	2231.02	430.49825196067866	NaN
124	2311	60.82906917392093	2281.69	266.59655419413207	NaN
125	2311	56.00519817143961	2292.94	244.25060477570108	NaN
126	2311	1.0115993936995686	2310.87	4.377569459552327	NaN
127	2311	0.9999999999999987	2310.9	4.327318360811799	NaN
128	2311	0.999999999999999	2310.9	4.327318360811801	NaN
129	2311	0	2311	0	2311
130	2311	348.1839778396507	1635.72	2128.6282361262975	NaN
131	2311	327.95374088675396	1864.98	1758.4839563252901	NaN
132	2311	231.35845532092583	2098.35	1102.5732376435096	NaN
133	2311	109.3001959206059	2259.65	483.70409541568785	NaN
134	2311	59.384468941930855	2290.1	259.3095015149158	NaN
135	2311	1.7144660799776499	2310.7	7.419682693459341	NaN
136	2311	0.999999999999999	2310.9	4.327318360811801	NaN
137	2311	1.7144660799776514	2310.7	7.419682693459348	NaN
138	2311	0.9999999999999998	2310.9	4.3273183608118035	NaN
139	2311	0	2311	0	2311
140	2311	365.7004319926297	1690.11	2163.7670447049586	NaN
141	2311	281.7143879244303	2004.56	1405.367701263271	NaN
142	2311	192.3578365253865	2192.59	877.308737727466	NaN
143	2311	51.179458474049646	2296.58	222.85075405189303	NaN
144	2311	1.4070529413628972	2310.8	6.089029519486313	NaN
145	2311	0	2311	0	2311
146	2311	341.09405438880634	1565.76	2178.4568157879007	NaN
147	2311	290.6611161549554	1841.88	1578.0676056798236	NaN
148	2311	218.46839310957267	2068.16	1056.3418357843334	NaN
149	2311	145.81111726885553	2229.63	653.9700186526711	NaN
150	2311	39.53120618734349	2297.47	172.0640799981871	NaN
151	2311	10.030760769560873	2309.9	43.425086668517565	NaN
152	2311	36.09171258297001	2302.12	156.77598293299224	NaN
153	2311	30.276401785061974	2307.19	131.2263046609164	NaN
154	2311	34.219310514988685	2302.78	148.59999876231635	NaN
155	2311	0	2311	0	2311
156	2311	401.7948524238998	1620.74	2479.0827179183566	NaN
157	2311	313.5927481897051	1903.82	1647.1764567538166	NaN
158	2311	172.6928247414227	2149.42	803.4391823907039	NaN
159	2311	79.7421957170592	2266.52	351.8265698827242	NaN
160	2311	19.176648257290367	2306.44	83.14392855348662	NaN
161	2311	1.4070529413628974	2310.8	6.0890295194863135	NaN
162	2311	0	2311	0	2311
163	2311	332.9122508524983	1684.67	1976.1273771866197	NaN
164	2311	252.82538071030993	1935.44	1306.2940763356648	NaN
165	2311	194.21314205134146	2108.27	921.1967255206471	NaN
166	2311	91.65412531287772	2241.31	408.9310506484053	NaN
167	2311	44.019949563759845	2297.04	191.63771446626896	NaN
168	2311	1.4150704019320886	2310.76	6.123831128858421	NaN
169	2311	1.4070529413628974	2310.8	6.0890295194863135	NaN
170	2311	1.407052941362897	2310.8	6.089029519486311	NaN
171	2311	1.9694638556693242	2310.6	8.523603633988248	NaN
172	2311	0	2311	0	2311
173	2311	343.28774336913744	1574.1	2180.8509203299504	NaN
174	2311	293.4221867837702	1798.31	1631.6552028502883	NaN
175	2311	194.74326637391036	2008.64	969.527971034682	NaN
176	2311	149.06306712193324	2109.6	706.5939852196304	NaN
177	2311	133.3909178681104	2198.88	606.6311843670886	NaN
178	2311	153.05095045227077	2223.15	688.4418525617739	NaN
179	2311	79.40701951008329	2287	347.2104045040808	NaN
180	2311	22.57998353776318	2303.73	98.01488689109912	NaN
181	2311	22.13286554817828	2305.57	95.99736962303587	NaN
182	2311	3.247936407796635	2310.58	14.056801356354832	NaN
183	2311	5.4090832696661115	2309.88	23.417161366244613	NaN
184	2311	10	2310	43.29004329004329	NaN
185	2311	14.07052941362897	2309	60.937762726847	NaN
186	2311	0	2311	0	2311
187	2311	333.04500787840556	1605.55	2074.33594642587	NaN
188	2311	273.6867478698886	1790.22	1528.7883493084012	NaN
189	2311	243.64757708251852	1944.86	1252.776945808534	NaN
190	2311	168.12291649416815	2150.41	781.817962593962	NaN
191	2311	79.33538576413072	2264.24	350.38417201414484	NaN
192	2311	103.6447877136232	2282.98	453.98903062498664	NaN
193	2311	23.39834018113942	2305.95	101.46941686133447	NaN
194	2311	17.144660799776528	2308	74.28362564894509	NaN
195	2311	0	2311	0	2311
196	2311	377.5978545992811	1666.04	2266.4393087757867	NaN
197	2311	314.1553048343376	1898	1655.1912794222212	NaN
198	2311	216.88105453953744	2114.61	1025.6314617803635	NaN
199	2311	88.32881635106287	2269.2	389.2509093559972	NaN
200	2311	68.02447866003605	2296.06	296.26611961375596	NaN
201	2311	85.53258933519929	2288.88	373.68752112473913	NaN
202	2311	94.9866997600882	2289.46	414.88691551758143	NaN
203	2311	0	2311	0	2311
204	2311	375.55748460445346	1533.1	2449.660717529538	NaN
205	2311	323.4990047289266	1720.9	1879.824537909969	NaN
206	2311	282.80497527519566	1905.05	1484.5015893293912	NaN
207	2311	215.85668529341078	2050.25	1052.8310464256103	NaN
208	2311	124.5257098925456	2200.71	565.8433409788006	NaN
209	2311	118.62737688010532	2261.5	524.5517438872664	NaN
210	2311	43.926719279575934	2298.33	191.1245090112209	NaN
211	2311	135.82820217116364	2277.25	596.4571398448288	NaN
212	2311	36.00150810533618	2306.05	156.11763884276652	NaN
213	2311	0.3265986323710902	2310.88	1.413308490147001	NaN
214	2311	0	2311	0	2311
215	2311	343.67946938501814	1663.91	2065.493141966922	NaN
216	2311	314.3450582664943	1884.35	1668.1882785389885	NaN
217	2311	222.31302437797214	2096.7	1060.299634558936	NaN
218	2311	84.56500398504042	2266.05	373.182427506191	NaN
219	2311	32.67996018938513	2298.4	142.18569522008843	NaN
220	2311	59.65251144094536	2295.89	259.8230378674299	NaN
221	2311	26.123436592338653	2306.48	113.26105837613443	NaN
222	2311	1.7144660799776514	2310.7	7.419682693459348	NaN
223	2311	1.407052941362897	2310.8	6.089029519486311	NaN
224	2311	0	2311	0	2311
225	2311	368.3724816711004	1609.24	2289.108409380207	NaN
226	2311	278.15421109793607	1831.35	1518.8479050860626	NaN
227	2311	249.42693329010206	1973.27	1264.0284060980102	NaN
228	2311	181.46506216866874	2127.37	853.0018857493936	NaN
229	2311	91.10845795595	2241.42	406.4765102298989	NaN
230	2311	58.116110702905104	2289.55	253.8320224625149	NaN
231	2311	2.8321922836052518	2310.17	12.25967042947165	NaN
232	2311	0.9999999999999997	2310.9	4.3273183608118035	NaN
233	2311	0	2311	0	2311
234	2311	384.946348616442	1666.16	2310.3804473546475	NaN
235	2311	338.8962743192596	1946.61	1740.9561972827614	NaN
236	2311	195.7674615197811	2187.1	895.1006424936268	NaN
237	2311	52.67024920688296	2299.08	229.09272059642535	NaN
238	2311	10.999444430414576	2309.89	47.618910123055976	NaN
239	2311	17.803242809821302	2307.71	77.14679405047126	NaN
240	2311	0	2311	0	2311
241	2311	338.9845458471999	1639.73	2067.3192894391145	NaN
242	2311	290.9560340281221	1875.98	1550.9548823981177	NaN
243	2311	262.7531668061618	2010.84	1306.6836088707298	NaN
244	2311	133.89122526147932	2226.78	601.277293946772	NaN
245	2311	42.15495585373446	2295.99	183.60252376419086	NaN
246	2311	26.2523803634542	2306.38	113.82504341632426	NaN
247	2311	26.80083482794424	2303.59	116.34377136532213	NaN
248	2311	19.91339582626063	2308.89	86.2466199180586	NaN
249	2311	48.44636730499522	2300.8	210.5631402338109	NaN
250	2311	0	2311	0	2311
251	2311	371.76805234914247	1610.49	2308.4157762491072	NaN
252	2311	309.3459014884096	1846.39	1675.4093202866652	NaN
253	2311	222.60379351863904	2063.34	1078.8517332026665	NaN
254	2311	123.01562518803874	2213.38	555.7817690050454	NaN
255	2311	44.07781915446974	2288.88	192.57374416513642	NaN
256	2311	14.07052941362897	2309	60.937762726847	NaN
257	2311	47.46049819469752	2297.69	206.55744767439265	NaN
258	2311	9.47210684487924	2309.58	41.01224830869353	NaN
259	2311	0	2311	0	2311
260	2311	328.64098784066624	1659.51	1980.349548003123	NaN
261	2311	283.87797136492054	1880.62	1509.4913983947877	NaN
262	2311	222.25122194616992	2094.48	1061.1284039292325	NaN
263	2311	141.83824760919916	2242.82	632.410303141577	NaN
264	2311	42.87409215106228	2296.21	186.71677307851755	NaN
265	2311	77.1842868815548	2286.2	337.60951308527166	NaN
266	2311	58.07771178395897	2298.36	252.6919707267746	NaN
267	2311	117.76299216321033	2287.33	514.8491567163913	NaN
268	2311	18.29168823771766	2308.4	79.23968219423696	NaN
269	2311	27.294671474650347	2302.97	118.51944000421346	NaN
270	2311	0	2311	0	2311
271	2311	363.51210503235046	1654.6	2196.978756390369	NaN
272	2311	320.75604673201644	1907.23	1681.7900658652416	NaN
273	2311	218.94297837057425	2159.65	1013.7891712572605	NaN
274	2311	60.02677769465929	2288.09	262.3444781221861	NaN
275	2311	26.90706039295075	2302.5	116.8601971463659	NaN
276	2311	33.60435277240918	2300.8	146.05507985226518	NaN
277	2311	10.039819709436003	2309.9	43.46430455619725	NaN
278	2311	10.048649338859107	2309.88	43.502906379808074	NaN
279	2311	17.750831535508972	2307.67	76.92101355700326	NaN
280	2311	0.1714466079977654	2310.97	0.7418815821830894	NaN
281	2311	0	2311	0	2311
282	2311	340.64481501998523	1646.67	2068.689020993795	NaN
283	2311	302.72482070472364	1902.69	1591.0359580631823	NaN
284	2311	188.53727332902486	2143.14	879.7244852367314	NaN
285	2311	116.27366881889492	2243.36	518.3014265160068	NaN
286	2311	84.11924916930774	2273.82	369.946825911056	NaN
287	2311	53.394472531992434	2295.4	232.61511079547105	NaN
288	2311	41.920921225130975	2302.1	182.09861094275217	NaN
289	2311	0	2311	0	2311
290	2311	380.9266739270051	1661.02	2293.329845077152	NaN
291	2311	317.15875641021927	1898.4	1670.6634872009022	NaN
292	2311	149.31088136143757	2142.59	696.8709896034125	NaN
293	2311	104.77019151601769	2260.43	463.49673078138983	NaN
294	2311	34.462035911883106	2306.38	149.42045938606432	NaN
295	2311	0	2311	0	2311
296	2311	326.9848374762871	1629.63	2006.497410309623	NaN
297	2311	289.9843567707009	1870.61	1550.2128010151819	NaN
298	2311	215.56636138696638	2042.18	1055.5698390296957	NaN
299	2311	118.90202400771534	2213.84	537.0849926269077	NaN
