generation	best	sd	avg	cv	catastrophe
0	1548	184.51688598098877	1304.94	1413.9875088585588	NaN
1	1548	167.09706125120178	1448.08	1153.9214770675776	NaN
2	1744	157.3036935999979	1532.05	1026.753001533879	NaN
3	1765	119.3575948758413	1620.37	736.6070396010869	NaN
4	1778	158.85007733931727	1655.92	959.2859397755766	NaN
5	1778	116.58127437694932	1725.28	675.7237919465207	NaN
6	1778	116.77610624566566	1755.74	665.1104733369727	NaN
7	1844	101.04051142732278	1799.13	561.6076182784055	NaN
8	1924	103.45692462336804	1843.09	561.3232377331983	NaN
9	1964	92.7833421787477	1876.17	494.5359012176279	NaN
10	1964	55.02972199666561	1920.18	286.58626793668094	NaN
11	2004	94.56738071316924	1925.98	491.0091522921798	NaN
12	2027	56.61481674215219	1970.93	287.2492515825128	NaN
13	2027	93.3405841339374	1984.8	470.2770260678023	NaN
14	2027	89.77022520487144	1986.44	451.91511047336655	NaN
15	2036	55.93746418090383	2009.49	278.36647199490335	NaN
16	2051	46.950139036594514	2025.26	231.8227735529982	NaN
17	2051	46.55811075170123	2035.33	228.7496904762433	NaN
18	2066	60.146302270111974	2041.59	294.6051962936338	NaN
19	2066	41.62421959107049	2053.99	202.6505464538313	NaN
20	2076	33.34473138459975	2068.74	161.18377072324094	NaN
21	2094	16.150463607818654	2082.47	77.55436384590729	NaN
22	2094	21.26518233634454	2090.21	101.73706152178269	NaN
23	2106	14.563337807000432	2095.01	69.51440712455039	NaN
24	2106	4.7159625772797416	2102.89	22.426102065632257	NaN
25	2107	1.7436754400988865	2105.9	8.279953654489228	NaN
26	2107	1.5678589918043702	2106.92	7.441473771212813	NaN
27	2107	2.0111808682583665	2107.34	9.543694269830054	NaN
28	2107	3.1446603773522024	2108.1	14.917036086296678	NaN
29	2107	4.648231987117318	2110.1	22.0284914796328	NaN
30	2117	4.7609522856952315	2113.6	22.525323077664797	NaN
31	2117	0	2117	0	2117
32	2117	332.4813864312292	1580.08	2104.2060302720697	NaN
33	2117	261.20117619268956	1885.19	1385.5429754703216	NaN
34	2117	101.57988894650278	2072.97	490.02102754262137	NaN
35	2195	34.464707464391175	2109.89	163.34836159416452	NaN
36	2195	59.296954288384676	2105.35	281.6489148520896	NaN
37	2195	37.238921476424	2112.49	176.27975269196068	NaN
38	2195	36.51445541899065	2115.26	172.62395837386725	NaN
39	2195	36.35442118084045	2122.55	171.27710150922448	NaN
40	2195	60.29346079088025	2122.46	284.07348449855476	NaN
41	2195	53.88921951372075	2146.45	251.06207698162433	NaN
42	2195	30.073539495340036	2186.92	137.5154989452748	NaN
43	2197	37.0574547088025	2185.24	169.5807083377684	NaN
44	2197	50.76240058479614	2179.13	232.94801404595475	NaN
45	2197	51.49645079463676	2181.88	236.01871227857055	NaN
46	2277	64.27018332513502	2191.99	293.2047286946338	NaN
47	2277	79.43655813085539	2208.57	359.6741698513309	NaN
48	2278	43.424961401563436	2251.9	192.83698832791612	NaN
49	2278	38.7825783546992	2266.55	171.10841743927642	NaN
50	2278	38.44089126453913	2268.57	169.44987928315692	NaN
51	2278	35.99491967520197	2269.39	158.61055030295353	NaN
52	2278	20.085333108031996	2275.56	88.26545161644606	NaN
53	2278	1.0317681205316698	2277.81	4.529649621924874	NaN
54	2278	19.99923988454548	2275.99	87.87050858986852	NaN
55	2278	0	2278	0	2278
56	2278	382.07798809915624	1611.13	2371.490743137774	NaN
57	2278	318.1912873627048	1914.96	1661.6080093720227	NaN
58	2278	142.84578673478188	2175.48	656.6173292091028	NaN
59	2278	112.16462648421489	2228.16	503.3957457463328	NaN
60	2278	44.13303465064183	2269.85	194.4315027452996	NaN
61	2278	17.13925142455001	2274.94	75.33935587114391	NaN
62	2278	9.999489885979079	2276.99	43.91538779695598	NaN
63	2278	1.4839205511145819	2277.8	6.514709593092378	NaN
64	2278	1.4839205511145825	2277.8	6.51470959309238	NaN
65	2278	0.0999999999999998	2278.01	0.43897963573469734	NaN
66	2278	0.14070529413628977	2278.02	0.6176648762358968	NaN
67	2278	0.23868325657594194	2278.06	1.0477478932773587	NaN
68	2279	0.3775251680686371	2278.17	1.6571422153247437	NaN
69	2279	0.4878317312145632	2278.38	2.1411341883907125	NaN
70	2279	0.4605661864718389	2278.7	2.0211795605908582	NaN
71	2279	0.19694638556693245	2278.96	0.8641941305109894	NaN
72	2279	0	2279	0	2279
73	2279	370.40832764925676	1524.29	2430.038428706196	NaN
74	2279	303.1415810835231	1778.7	1704.2872945607637	NaN
75	2279	238.16680577640824	1974.63	1206.133836599303	NaN
76	2279	147.19447590644748	2140.78	687.5740426687818	NaN
77	2279	111.85881071848358	2205.52	507.1765874645597	NaN
78	2279	63.67230738140975	2260.67	281.65237465622914	NaN
79	2280	44.30570909697595	2268.71	195.29031518782017	NaN
80	2280	53.88855971991522	2269.73	237.42277592451623	NaN
81	2280	45.64427564317237	2276.21	200.52752445148897	NaN
82	2288	50.2694748431899	2277.01	220.76967094211219	NaN
83	2288	76.71226312090742	2276.42	336.9864221932131	NaN
84	2288	46.340647994667286	2281.83	203.0854533189032	NaN
85	2288	0.34873508801977726	2288.14	1.5240985604892066	NaN
86	2289	2.185812841434001	2288.1	9.552960278982567	NaN
87	2289	0.4725815626252611	2288.67	2.064874196040762	NaN
88	2289	0	2289	0	2289
89	2289	379.96488128523276	1617.39	2349.247128306919	NaN
90	2289	325.3910373254266	1909.69	1703.8945447974625	NaN
91	2289	228.74229158508479	2129.12	1074.351335693079	NaN
92	2289	91.11625330401604	2268.99	401.5718593031087	NaN
93	2289	22.192170336459302	2284.55	97.14022602464074	NaN
94	2289	0.09999999999999998	2288.99	0.4368739050847753	NaN
95	2289	0	2289	0	2289
96	2289	352.09663503652007	1523	2311.862344297571	NaN
97	2289	313.76368431665185	1778.87	1763.8370668832004	NaN
98	2289	254.04894362617566	1973.27	1287.4515075290033	NaN
99	2289	160.6933826650097	2144.02	749.4957260893541	NaN
100	2289	77.10966282516155	2245.17	343.44687852216776	NaN
101	2289	59.34839781520916	2273.7	261.02123329906834	NaN
102	2289	14.268082625853479	2285.76	62.42161305584785	NaN
103	2289	23.09760580535118	2286.66	101.01023241474982	NaN
104	2289	2.901392908256449	2288.69	12.677089987095016	NaN
105	2289	0.09999999999999996	2288.99	0.43687390508477525	NaN
106	2289	0.1714466079977654	2288.97	0.7490120359714868	NaN
107	2289	0.09999999999999996	2288.99	0.43687390508477525	NaN
108	2289	0	2289	0	2289
109	2289	403.46765544452137	1602.25	2518.1317237916764	NaN
110	2289	298.4613192541189	1954.25	1527.242263037579	NaN
111	2289	174.40607324241427	2160.42	807.2785534406007	NaN
112	2289	50.63601145988549	2275.12	222.56413490227104	NaN
113	2289	61.96522648170737	2270.74	272.8856076948809	NaN
114	2289	35.664536894780944	2281.02	156.35345983279825	NaN
115	2289	31.684255083590333	2284.37	138.70018903938652	NaN
116	2290	1.7673812162734943	2289.26	7.7203166799467695	NaN
117	2290	0.19694638556693245	2289.96	0.8600429071552884	NaN
118	2290	0	2290	0	2290
119	2290	380.45205222262115	1577.44	2411.8321598451994	NaN
120	2290	323.40785083203826	1857.78	1740.8296506154566	NaN
121	2290	217.7619446676911	2083.41	1045.2188703504885	NaN
122	2290	102.21291454111811	2240.93	456.1182836640061	NaN
123	2290	12.960744928086081	2287.67	56.65478381097833	NaN
124	2290	19.996929057162035	2287.96	87.40069344377538	NaN
125	2290	20	2288	87.41258741258741	NaN
126	2290	44.815963741289885	2283.29	196.27801874177123	NaN
127	2290	18.975100643855505	2286.69	82.98064295490646	NaN
128	2290	0	2290	0	2290
129	2290	422.29584823242504	1583.88	2666.2111285730293	NaN
130	2290	360.4646883054587	1854.58	1943.645937654125	NaN
131	2290	216.69922739021283	2128.52	1018.0746593417625	NaN
132	2290	65.52403445232211	2267.93	288.91559462735677	NaN
133	2290	14.478583975630821	2287.87	63.28412005765547	NaN
134	2300	10.528959582930778	2289.36	45.990842781086315	NaN
135	2300	4.080552547254977	2292.66	17.79833271071584	NaN
136	2300	4.5516119910611605	2296.3	19.821504119937117	NaN
137	2300	2.753803613810241	2299.18	11.977329368776003	NaN
138	2301	0.4020151261036854	2300.2	1.7477398752442632	NaN
139	2301	0.5000000000000006	2300.45	2.173487795866029	NaN
140	2301	0.4292346959909279	2300.76	1.8656213424734776	NaN
141	2301	0.21904291355759023	2300.95	0.9519672898480639	NaN
142	2301	0	2301	0	2301
143	2301	390.36399693236325	1629.52	2395.576592692101	NaN
144	2301	343.4810208980574	1944.02	1766.859501949864	NaN
145	2301	198.6706314430489	2200.98	902.6462368719792	NaN
146	2301	33.974981882841284	2294.94	148.04300714982216	NaN
147	2301	17.213393305531273	2297.89	74.90956183947566	NaN
148	2301	17.144660799776528	2298	74.60687902426687	NaN
149	2301	10	2300	43.47826086956522	NaN
150	2301	0	2301	0	2301
151	2301	377.80146515161516	1605.18	2353.639250125314	NaN
152	2301	323.6133439208532	1875.86	1725.1465670191442	NaN
153	2301	196.5528635808143	2134.61	920.7905124627649	NaN
154	2301	78.02773140805047	2263.42	344.73377193826366	NaN
155	2301	26.05204387181533	2293.91	113.57047081975897	NaN
156	2301	0.17144660799776543	2300.97	0.7451057945030376	NaN
157	2301	41.31218789518259	2294.49	180.04954432219182	NaN
158	2301	0	2301	0	2301
159	2301	377.3063251925456	1582.24	2384.633969515027	NaN
160	2301	361.85232157091735	1844.22	1962.088696418634	NaN
161	2301	219.8863995040818	2111.54	1041.355595935108	NaN
162	2301	67.12660358673686	2264.67	296.40788100136825	NaN
163	2301	63.46336253176619	2291.24	276.98260562737295	NaN
164	2301	25.581075312453436	2292.95	111.56403459496909	NaN
165	2301	19.898642154578276	2296.94	86.63109247337012	NaN
166	2301	9.999489885979072	2299.99	43.4762320096134	NaN
167	2301	0	2301	0	2301
168	2301	435.46621608746574	1517.23	2870.139768442924	NaN
169	2301	374.92004534839214	1901.7	1971.4994234021776	NaN
170	2301	221.5413033520141	2171.42	1020.2600296212345	NaN
171	2301	139.2638655302381	2263.2	615.3405157751772	NaN
172	2301	10.097084287610532	2299.78	43.90456603505784	NaN
173	2301	10.39179940864406	2299.48	45.19195387063188	NaN
174	2301	17.224187245342716	2297.79	74.95979721968811	NaN
175	2301	1.0078479923865389	2300.88	4.3802718628808925	NaN
176	2301	0	2301	0	2301
177	2301	401.3155612444771	1556.39	2578.502568408157	NaN
178	2301	361.4022268829559	1871.31	1931.279301040212	NaN
179	2301	273.1302275694165	2066.4	1321.7684261005443	NaN
180	2301	74.43697354341475	2279.84	326.5008664792913	NaN
181	2301	31.90111615792168	2297.66	138.84176143520662	NaN
182	2301	22.12375431635656	2295.21	96.39098085297886	NaN
183	2301	13.48536056228936	2298.94	58.65903660943461	NaN
184	2301	0	2301	0	2301
185	2301	377.56149154672795	1554.63	2428.6260495856113	NaN
186	2301	316.9053166120279	1795.99	1764.5160419157562	NaN
187	2301	245.86024012997237	2054.07	1196.9418770050308	NaN
188	2301	134.41061616320988	2196.22	612.00888874161	NaN
189	2301	37.57163662642176	2285.78	164.37118456903883	NaN
190	2301	15.907104060637778	2297.88	69.22512951345492	NaN
191	2301	2.361539473917107	2300.67	10.264572815384678	NaN
192	2301	0	2301	0	2301
193	2301	421.58200024347934	1583.97	2661.552934989169	NaN
194	2301	350.87283301717	1925.05	1822.6686736301397	NaN
195	2301	147.2631808852588	2218.4	663.8260948668355	NaN
196	2301	39.20804261960299	2288.39	171.33461787371468	NaN
197	2301	51.44684812326389	2288.64	224.79222648937315	NaN
198	2301	23.8683256575942	2295	104.00141898733857	NaN
199	2301	14.069448956494144	2298.99	61.1983912783185	NaN
200	2301	0	2301	0	2301
201	2301	396.82064747518666	1667.6	2379.5913137154394	NaN
202	2301	330.8911805009818	1918.58	1724.6671001521013	NaN
203	2301	165.91164010771612	2191.88	756.9376065647577	NaN
204	2301	48.77129061116578	2284.26	213.51024231552353	NaN
205	2301	41.24212321489678	2287.58	180.28712969555943	NaN
206	2301	107.26753111880234	2284.2	469.6065629927429	NaN
207	2301	97.38901427270994	2285.81	426.0590962184519	NaN
208	2301	0.9999999999999996	2300.9	4.346125429179884	NaN
209	2301	0	2301	0	2301
210	2301	422.3330099733282	1623.02	2602.142980205593	NaN
211	2301	349.37100132331625	1875.38	1862.9344523420118	NaN
212	2301	192.32423669470776	2186.29	879.6831010282615	NaN
213	2301	44.44182555415405	2283.43	194.62749264989097	NaN
214	2301	31.90562313885733	2289.03	139.38490600322987	NaN
215	2301	17.43433278321713	2297.06	75.89846492132173	NaN
216	2301	27.356182245896562	2295.77	119.15907188392812	NaN
217	2301	0	2301	0	2301
218	2301	405.2843117286103	1523.98	2659.3807774945226	NaN
219	2301	381.04220119418403	1840.05	2070.8252558038316	NaN
220	2301	230.45581184279393	2156.76	1068.527846597646	NaN
221	2301	27.47689387412078	2291.01	119.9335396795334	NaN
222	2301	40.10054409061847	2296.87	174.5877828985466	NaN
223	2301	71.8675577613839	2285.94	314.3895192410295	NaN
224	2301	10.039819709436005	2299.9	43.65328801007002	NaN
225	2301	0.9999999999999997	2300.9	4.346125429179884	NaN
226	2301	0	2301	0	2301
227	2301	394.116172561781	1565.91	2516.8507293636353	NaN
228	2301	340.5283801341199	1771.09	1922.7051145572498	NaN
229	2301	314.0462995846763	1969.85	1594.2650434534423	NaN
230	2301	150.39235688724682	2212.24	679.8193545331737	NaN
231	2301	5.9109554167997125	2298.9	25.712103252858814	NaN
232	2301	10.607315943024965	2299.1	46.136818507350554	NaN
233	2301	10.224445849496824	2299.69	44.46010483802958	NaN
234	2301	0	2301	0	2301
235	2301	394.39553852456396	1607.76	2453.0747034667115	NaN
236	2301	354.8072487103015	1891.41	1875.8875585425767	NaN
237	2301	172.347926232861	2193.48	785.7282775902265	NaN
238	2301	35.308068440084575	2290.63	154.14129929357674	NaN
239	2301	19.695807891143954	2296.88	85.75026945745513	NaN
240	2301	17.156145643277032	2297.9	74.66010550188011	NaN
241	2301	0.14070529413628974	2300.98	0.6115015955648886	NaN
242	2301	10	2300	43.47826086956522	NaN
243	2301	17.14318488142701	2297.99	74.60078103658856	NaN
244	2301	0	2301	0	2301
245	2301	360.7517213326147	1554.56	2320.603394739442	NaN
246	2301	304.7668756358678	1850	1647.3885169506368	NaN
247	2301	221.70434289062916	2078.15	1066.8351316826463	NaN
248	2301	129.49810029416636	2216.14	584.3407920716487	NaN
249	2301	33.06934709321788	2287.79	144.54712667341792	NaN
250	2301	14.247009255534055	2298.45	61.9852911985645	NaN
251	2301	14.432073568089494	2298.59	62.78663688648039	NaN
252	2301	0	2301	0	2301
253	2301	400.08709910304134	1574.3	2541.365045436329	NaN
254	2301	311.14533857535406	1870.35	1663.5674530187082	NaN
255	2301	167.59431868821108	2152.27	778.6863111422409	NaN
256	2301	61.9969525155239	2272.79	272.7790623661839	NaN
257	2301	0.0999999999999999	2300.99	0.4345955436572949	NaN
258	2301	128.69334744565364	2270.11	566.9035749177513	NaN
259	2301	109.85147732601081	2276.92	482.4564645486482	NaN
260	2301	106.85365948555318	2278.15	469.036979503339	NaN
261	2301	23.8683256575942	2295	104.00141898733857	NaN
262	2301	29.968028418178072	2293.59	130.65991924527953	NaN
263	2301	11.727977427734697	2299.5	51.00229366268622	NaN
264	2301	0	2301	0	2301
265	2301	416.52252052081184	1576.8	2641.568496453652	NaN
266	2301	330.13239095180523	1978.72	1668.4138784254733	NaN
267	2301	215.56032950560638	2186.13	986.0361895477687	NaN
268	2301	75.04121695724453	2278.74	329.310131727378	NaN
269	2301	46.7058666528947	2294.58	203.54865227141656	NaN
270	2301	0.09999999999999996	2300.99	0.43459554365729525	NaN
271	2301	0	2301	0	2301
272	2301	375.747048349597	1582.21	2374.824127957711	NaN
273	2301	338.3107620475171	1804.5	1874.8171906207651	NaN
274	2301	218.51046157605776	2090.08	1045.464583059298	NaN
275	2301	101.50052943087283	2261.69	448.7817933972951	NaN
276	2301	119.47344872186018	2270.71	526.1501852806399	NaN
277	2301	29.223375174090627	2293.12	127.43936285100924	NaN
278	2301	21.117812865020362	2298.24	91.88689112112034	NaN
279	2301	0.3428932159955305	2300.94	1.490231018607745	NaN
280	2301	35.4347258770235	2294.58	154.42793834611783	NaN
281	2301	0	2301	0	2301
282	2301	394.31774604813944	1597.6	2468.188195093512	NaN
283	2301	325.55349775265796	1928.53	1688.091436237227	NaN
284	2301	217.65371324397123	2129.65	1022.0163559456774	NaN
285	2301	56.409286254636974	2280.95	247.30610602879057	NaN
286	2301	2.2859032209071195	2300.37	9.937111077379377	NaN
287	2301	9.146722104258185	2299.71	39.77337187844635	NaN
288	2301	17.731040521633187	2297.29	77.18242155597764	NaN
289	2301	0.17144660799776545	2300.97	0.7451057945030377	NaN
290	2301	0	2301	0	2301
291	2301	413.0685178079304	1658.34	2490.855420528543	NaN
292	2301	331.2319024978167	1965.35	1685.3583458305986	NaN
293	2301	147.49934291926914	2207.38	668.2100178459038	NaN
294	2301	43.901426543168874	2288.59	191.82739828090166	NaN
295	2301	12.17818466842172	2298.93	52.973273081049534	NaN
296	2301	1.9703868255812715	2300.58	8.564739437799474	NaN
297	2301	0	2301	0	2301
298	2301	418.91008786751803	1613.93	2595.590192062345	NaN
299	2301	366.8684363582668	1862.57	1969.6893880942291	NaN
