generation	best	sd	avg	cv	catastrophe
0	1292	184.53647219711635	1333.3333333333333	1384.0235414783726	NaN
1	1484	136.76610998709344	1465.735294117647	933.0887407567326	NaN
2	1631	122.9738419846416	1588.5588235294117	774.1220542996454	NaN
3	1632	137.95652614571364	1651.2745098039215	835.4548279322444	NaN
4	1783	105.5626060375461	1722.0392156862745	613.0093035975191	NaN
5	1783	103.1042323175998	1783.7156862745098	578.0306419401655	NaN
6	1833	94.45050597028636	1842.5882352941176	512.5969229647773	NaN
7	1872	87.85006298402868	1886.9901960784314	465.5565416640737	NaN
8	1992	104.78758918319409	1921.6764705882354	545.2925650440943	NaN
9	1992	72.05901505131065	1978.6666666666667	364.1796582781872	NaN
10	2081	67.02703682326786	2013.3431372549019	332.9141246864459	NaN
11	2095	54.32738681604823	2049.6862745098038	265.0522057530048	NaN
12	2095	82.28287229781142	2068.3627450980393	397.8164492317389	NaN
13	2095	54.14373975313716	2075	260.9336855572875	NaN
14	2112	71.68003062858152	2075.5882352941176	345.3480291018523	NaN
15	2114	30.04269433354589	2098.029411764706	143.19481969643226	NaN
16	2141	70.7919898301483	2087.3823529411766	339.14241792070595	NaN
17	2141	63.757921156450784	2092.323529411765	304.7230519573408	NaN
18	2141	47.83008007406304	2114.7450980392155	226.17420945158324	NaN
19	2141	93.69788126112938	2112.1176470588234	443.62055963883466	NaN
20	2141	22.480423546424465	2137.392156862745	105.17687862867959	NaN
21	2152	52.27052816768873	2128.901960784314	245.5281132271193	NaN
22	2160	24.342212154291786	2143.2450980392155	113.57642752367275	NaN
23	2160	23.54298579533175	2151.5098039215686	109.42541722291863	NaN
24	2171	23.106257719434616	2159.107843137255	107.01761745194007	NaN
25	2171	31.049651497010537	2165.1666666666665	143.40536446929661	NaN
26	2171	14.264594102999071	2171.5392156862745	65.68886253565083	NaN
27	2180	10.820471584887391	2176.127450980392	49.72351954851053	NaN
28	2180	1.4674359536294157	2180.4901960784314	6.729844308718151	NaN
29	2181	0.6812375824618696	2181.2450980392155	3.1231592592425943	NaN
30	2182	0.6278497446707533	2181.774509803922	2.877702264140847	NaN
31	2183	0.46095879751576835	2182.1862745098038	2.1123714455555174	NaN
32	2183	0.5023725500008631	2182.4901960784314	2.301831874908498	NaN
33	2183	0.32378080982826285	2182.8823529411766	1.4832719197716102	NaN
34	2183	0	2183	0	NaN
35	2183	0	2183	0	NaN
36	2183	0	2183	0	NaN
37	2183	0	2183	0	NaN
38	2183	0	2183	0	NaN
39	2183	0	2183	0	NaN
40	2183	0	2183	0	NaN
41	2183	0	2183	0	NaN
42	2183	0	2183	0	NaN
43	2183	0	2183	0	NaN
44	2183	0	2183	0	NaN
45	2183	0	2183	0	NaN
46	2183	0	2183	0	NaN
47	2183	0	2183	0	NaN
48	2183	0	2183	0	NaN
49	2183	0	2183	0	NaN
50	2183	0	2183	0	NaN
51	2183	0	2183	0	NaN
52	2183	0	2183	0	NaN
53	2183	0	2183	0	NaN
54	2183	0	2183	0	NaN
55	2183	0	2183	0	NaN
56	2183	0	2183	0	NaN
57	2183	0	2183	0	NaN
58	2183	0	2183	0	NaN
59	2183	0	2183	0	NaN
60	2183	0	2183	0	NaN
61	2183	0	2183	0	NaN
62	2183	0	2183	0	NaN
63	2183	0	2183	0	NaN
64	2183	0	2183	0	NaN
65	2183	0	2183	0	NaN
66	2183	0	2183	0	NaN
67	2183	0	2183	0	NaN
68	2183	0	2183	0	NaN
69	2183	0	2183	0	NaN
70	2183	0	2183	0	NaN
71	2183	0	2183	0	NaN
72	2183	0	2183	0	NaN
73	2183	0	2183	0	NaN
74	2183	0	2183	0	NaN
75	2183	0	2183	0	NaN
76	2183	0	2183	0	NaN
77	2183	0	2183	0	NaN
78	2183	0	2183	0	NaN
79	2183	0	2183	0	NaN
80	2183	0	2183	0	NaN
81	2183	0	2183	0	NaN
82	2183	0	2183	0	NaN
83	2183	0	2183	0	NaN
84	2183	0	2183	0	NaN
85	2183	0	2183	0	NaN
86	2183	0	2183	0	NaN
87	2183	0	2183	0	NaN
88	2183	0	2183	0	NaN
89	2183	0	2183	0	NaN
90	2183	0	2183	0	NaN
91	2183	0	2183	0	NaN
92	2183	0	2183	0	NaN
93	2183	0	2183	0	NaN
94	2183	0	2183	0	NaN
95	2183	0	2183	0	NaN
96	2183	0	2183	0	NaN
97	2183	0	2183	0	NaN
98	2183	0	2183	0	NaN
99	2183	0	2183	0	NaN
100	2183	0	2183	0	NaN
101	2183	0	2183	0	NaN
102	2183	0	2183	0	NaN
103	2183	0	2183	0	NaN
104	2183	0	2183	0	NaN
105	2183	0	2183	0	NaN
106	2183	0	2183	0	NaN
107	2183	0	2183	0	NaN
108	2183	0	2183	0	NaN
109	2183	0	2183	0	NaN
110	2183	0	2183	0	NaN
111	2183	0	2183	0	NaN
112	2183	0	2183	0	NaN
113	2183	0	2183	0	NaN
114	2183	0	2183	0	NaN
115	2183	0	2183	0	NaN
116	2183	0	2183	0	NaN
117	2183	0	2183	0	NaN
118	2183	0	2183	0	NaN
119	2183	0	2183	0	NaN
120	2183	0	2183	0	NaN
121	2183	0	2183	0	NaN
122	2183	0	2183	0	NaN
123	2183	0	2183	0	NaN
124	2183	0	2183	0	NaN
125	2183	0	2183	0	NaN
126	2183	0	2183	0	NaN
127	2183	0	2183	0	NaN
128	2183	0	2183	0	NaN
129	2183	0	2183	0	NaN
130	2183	0	2183	0	NaN
131	2183	0	2183	0	NaN
132	2183	0	2183	0	NaN
133	2183	0	2183	0	NaN
134	2183	0	2183	0	NaN
135	2183	0	2183	0	NaN
136	2183	0	2183	0	NaN
137	2183	0	2183	0	NaN
138	2183	0	2183	0	NaN
139	2183	0	2183	0	NaN
140	2183	0	2183	0	NaN
141	2183	0	2183	0	NaN
142	2183	0	2183	0	NaN
143	2183	0	2183	0	NaN
144	2183	0	2183	0	NaN
145	2183	0	2183	0	NaN
146	2183	0	2183	0	NaN
147	2183	0	2183	0	NaN
148	2183	0	2183	0	NaN
149	2183	0	2183	0	NaN
150	2183	0	2183	0	NaN
151	2183	0	2183	0	NaN
152	2183	0	2183	0	NaN
153	2183	0	2183	0	NaN
154	2183	0	2183	0	NaN
155	2183	0	2183	0	NaN
156	2183	0	2183	0	NaN
157	2183	0	2183	0	NaN
158	2183	0	2183	0	NaN
159	2183	0	2183	0	NaN
160	2183	0	2183	0	NaN
161	2183	0	2183	0	NaN
162	2183	0	2183	0	NaN
163	2183	0	2183	0	NaN
164	2183	0	2183	0	NaN
165	2183	0	2183	0	NaN
166	2183	0	2183	0	NaN
167	2183	0	2183	0	NaN
168	2183	0	2183	0	NaN
169	2183	0	2183	0	NaN
170	2183	0	2183	0	NaN
171	2183	0	2183	0	NaN
172	2183	0	2183	0	NaN
173	2183	0	2183	0	NaN
174	2183	0	2183	0	NaN
175	2183	0	2183	0	NaN
176	2183	0	2183	0	NaN
177	2183	0	2183	0	NaN
178	2183	0	2183	0	NaN
179	2183	0	2183	0	NaN
180	2183	0	2183	0	NaN
181	2183	0	2183	0	NaN
182	2183	0	2183	0	NaN
183	2183	0	2183	0	NaN
184	2183	0	2183	0	NaN
185	2183	0	2183	0	NaN
186	2183	0	2183	0	NaN
187	2183	0	2183	0	NaN
188	2183	0	2183	0	NaN
189	2183	0	2183	0	NaN
190	2183	0	2183	0	NaN
191	2183	0	2183	0	NaN
192	2183	0	2183	0	NaN
193	2183	0	2183	0	NaN
194	2183	0	2183	0	NaN
195	2183	0	2183	0	NaN
196	2183	0	2183	0	NaN
197	2183	0	2183	0	NaN
198	2183	0	2183	0	NaN
199	2183	0	2183	0	NaN
200	2183	0	2183	0	NaN
201	2183	0	2183	0	NaN
202	2183	0	2183	0	NaN
203	2183	0	2183	0	NaN
204	2183	0	2183	0	NaN
205	2183	0	2183	0	NaN
206	2183	0	2183	0	NaN
207	2183	0	2183	0	NaN
208	2183	0	2183	0	NaN
209	2183	0	2183	0	NaN
210	2183	0	2183	0	NaN
211	2183	0	2183	0	NaN
212	2183	0	2183	0	NaN
213	2183	0	2183	0	NaN
214	2183	0	2183	0	NaN
215	2183	0	2183	0	NaN
216	2183	0	2183	0	NaN
217	2183	0	2183	0	NaN
218	2183	0	2183	0	NaN
219	2183	0	2183	0	NaN
220	2183	0	2183	0	NaN
221	2183	0	2183	0	NaN
222	2183	0	2183	0	NaN
223	2183	0	2183	0	NaN
224	2183	0	2183	0	NaN
225	2183	0	2183	0	NaN
226	2183	0	2183	0	NaN
227	2183	0	2183	0	NaN
228	2183	0	2183	0	NaN
229	2183	0	2183	0	NaN
230	2183	0	2183	0	NaN
231	2183	0	2183	0	NaN
232	2183	0	2183	0	NaN
233	2183	0	2183	0	NaN
234	2183	0	2183	0	NaN
235	2183	0	2183	0	NaN
236	2183	0	2183	0	NaN
237	2183	0	2183	0	NaN
238	2183	0	2183	0	NaN
239	2183	0	2183	0	NaN
240	2183	0	2183	0	NaN
241	2183	0	2183	0	NaN
242	2183	0	2183	0	NaN
243	2183	0	2183	0	NaN
244	2183	0	2183	0	NaN
245	2183	0	2183	0	NaN
246	2183	0	2183	0	NaN
247	2183	0	2183	0	NaN
248	2183	0	2183	0	NaN
249	2183	0	2183	0	NaN
250	2183	0	2183	0	NaN
251	2183	0	2183	0	NaN
252	2183	0	2183	0	NaN
253	2183	0	2183	0	NaN
254	2183	0	2183	0	NaN
255	2183	0	2183	0	NaN
256	2183	0	2183	0	NaN
257	2183	0	2183	0	NaN
258	2183	0	2183	0	NaN
259	2183	0	2183	0	NaN
260	2183	0	2183	0	NaN
261	2183	0	2183	0	NaN
262	2183	0	2183	0	NaN
263	2183	0	2183	0	NaN
264	2183	0	2183	0	NaN
265	2183	0	2183	0	NaN
266	2183	0	2183	0	NaN
267	2183	0	2183	0	NaN
268	2183	0	2183	0	NaN
269	2183	0	2183	0	NaN
270	2183	0	2183	0	NaN
271	2183	0	2183	0	NaN
272	2183	0	2183	0	NaN
273	2183	0	2183	0	NaN
274	2183	0	2183	0	NaN
275	2183	0	2183	0	NaN
276	2183	0	2183	0	NaN
277	2183	0	2183	0	NaN
278	2183	0	2183	0	NaN
279	2183	0	2183	0	NaN
280	2183	0	2183	0	NaN
281	2183	0	2183	0	NaN
282	2183	0	2183	0	NaN
283	2183	0	2183	0	NaN
284	2183	0	2183	0	NaN
285	2183	0	2183	0	NaN
286	2183	0	2183	0	NaN
287	2183	0	2183	0	NaN
288	2183	0	2183	0	NaN
289	2183	0	2183	0	NaN
290	2183	0	2183	0	NaN
291	2183	0	2183	0	NaN
292	2183	0	2183	0	NaN
293	2183	0	2183	0	NaN
294	2183	0	2183	0	NaN
295	2183	0	2183	0	NaN
296	2183	0	2183	0	NaN
297	2183	0	2183	0	NaN
298	2183	0	2183	0	NaN
299	2183	0	2183	0	NaN
