generation	best	sd	avgcatastrophe
0	252284	6017.167821103616	250276.0638722555	NaN
1	252345	5600.761025356683	251639.0279441118	NaN
2	262986	5475.985225465464	252804.39620758482	NaN
3	262986	5371.4511286463585	253732.5618762475	NaN
4	262986	5408.855984978261	254472.0518962076	NaN
5	262986	5399.457881997026	255285.98902195608	NaN
6	262986	5484.556051474409	255913.63273453093	NaN
7	262986	5740.614420178788	256519.1756487026	NaN
8	264928	5787.940718417623	257300.98203592814	NaN
9	264928	5895.516724092379	257981.60479041917	NaN
10	265924	6097.519753066861	258652.2994011976	NaN
11	265924	6076.8351580889685	259441.749500998	NaN
12	266625	6528.994371056628	259734.4391217565	NaN
13	266625	6327.245939636352	260774.19261477047	NaN
14	266625	6439.286295456078	261607.1487025948	NaN
15	266625	6332.394978835789	262597.4341317365	NaN
16	273848	6085.799859177285	263644.0459081836	NaN
17	273848	6616.7156572874355	264236.0389221557	NaN
18	273848	7053.908744384605	264938.7994011976	NaN
19	273848	6949.127504725181	265939.78343313374	NaN
20	274619	7477.385379144975	266443.10778443114	NaN
21	274619	7545.636138617425	267346.878243513	NaN
22	274619	7335.342995808497	268514.15469061874	NaN
23	274619	7613.990913362027	269467.4540918164	NaN
24	274619	8341.582978268625	269833.8902195609	NaN
25	274619	8128.402699751542	271026.7015968064	NaN
26	274619	8018.125827452318	272372.6087824351	NaN
27	279925	8642.804434937902	272784.74351297406	NaN
28	279925	8537.817805773822	273890.1856287425	NaN
29	279925	8894.49379924018	274632.6666666667	NaN
30	279925	9230.147952607776	275477.1127744511	NaN
31	280075	9615.270487265665	276141.80738522956	NaN
32	280075	9853.792805534551	276784.7954091816	NaN
33	280867	9970.790595947852	277660.8113772455	NaN
34	282881	10207.440780518642	278470.9231536926	NaN
35	286469	10563.118217362622	279152.91916167666	NaN
36	286469	11164.635839246177	279578.373253493	NaN
37	286469	11045.823687704167	280488.56087824353	NaN
38	286469	10597.525529538569	281585.21756487025	NaN
39	286469	10386.387539476083	282697.18063872255	NaN
40	289717	11270.988033222748	282866.4530938124	NaN
41	289717	12084.88757957774	282993.1487025948	NaN
42	289717	11700.767103108234	283968.6117764471	NaN
43	289717	12071.02922013282	284542.1766467066	NaN
44	289717	12866.848356027502	284828.5828343313	NaN
45	293053	11786.510286346173	286269.80239520955	NaN
46	293333	12117.467247186933	286717.78143712576	NaN
47	294503	13278.243319810243	286936.23053892213	NaN
48	294503	12998.803940484013	287566.55888223555	NaN
49	294503	12977.852270002102	288390.1357285429	NaN
50	296650	12719.371163452945	289073.02295409184	NaN
51	296650	13368.530930797719	289368.23652694613	NaN
52	296650	13871.311829985589	289865.4231536926	NaN
53	296650	14221.532391052366	290296.38522954093	NaN
54	297604	14843.152812492366	290426.09780439123	NaN
55	297604	14793.149750694423	290983.52195608785	NaN
56	298398	15137.682041359372	291146.6776447106	NaN
57	298398	15603.32685969177	291421.2375249501	NaN
58	298398	16308.554892322467	291652.21756487025	NaN
59	298398	15313.099147165518	292805.1027944112	NaN
60	298398	15777.69451956521	292847.61576846306	NaN
61	301649	15589.659263193073	293525.05089820357	NaN
62	301649	14726.268243717866	294772.26746506983	NaN
63	301649	15052.3817630165	295254.15369261475	NaN
64	302763	15757.866884611389	295344.23453093815	NaN
65	302763	16751.037237375687	295202.17165668664	NaN
66	306517	16998.459153704145	295450.56886227545	NaN
67	306517	16560.21257848055	296535.59680638724	NaN
68	306517	16646.69567447149	297141.13273453095	NaN
69	306517	17262.327628530245	297161.869261477	NaN
70	306517	17308.520780241663	297736.6636726547	NaN
71	306517	16852.322461299293	298754.41916167666	NaN
72	307393	17121.635521280536	299367.499001996	NaN
73	307393	16129.850786185143	300553.5389221557	NaN
74	307393	17050.541562503808	300357.48403193615	NaN
75	309166	17089.3573044957	301090.88522954093	NaN
76	309166	17740.705496700033	301314.27145708585	NaN
77	309166	17168.267735209698	302176.7225548902	NaN
78	312387	18234.876784734442	302143.44810379244	NaN
79	312387	17643.293513928627	303110.45708582836	NaN
80	312387	17467.346023350532	303789.0379241517	NaN
81	312387	18471.777700530092	303766.9011976048	NaN
82	312387	18203.3891003485	304403.9760479042	NaN
83	313168	18777.47342144444	304476.2115768463	NaN
84	313168	18128.71265705949	305362.34630738525	NaN
85	313168	19719.935888279448	304939.5848303393	NaN
86	313204	17922.88457749509	306569.9151696607	NaN
87	313860	17632.8294263452	307262.0618762475	NaN
88	314384	19076.968688411675	306804.30139720556	NaN
89	314384	18380.408534984483	307695.8153692615	NaN
90	315102	18352.401013610135	308109.29241516965	NaN
91	315102	21032.13992206652	306640.8423153693	NaN
92	316970	21276.912781393643	306840.5628742515	NaN
93	317685	20178.907408392013	308030.876247505	NaN
94	317685	20674.386948069376	307975.2994011976	NaN
95	317685	20147.732854701673	308712.90319361276	NaN
96	317685	22674.66934300497	307128.2764471058	NaN
97	317685	20302.417567755303	309360.41117764474	NaN
98	317715	20678.528274143573	309220.5189620759	NaN
99	317715	21052.690377410196	309268.3123752495	NaN
100	317715	21051.220147375418	309512.9161676647	NaN
101	318141	21245.07202122885	309879.120758483	NaN
102	318141	21558.67249223373	309990.17864271457	NaN
103	318141	21822.57434759977	309960.9820359281	NaN
104	318141	22250.77889795198	310033.63173652696	NaN
105	318141	20858.863856691558	311302.26546906185	NaN
106	321256	21475.835828754985	311102.7005988024	NaN
107	321256	22646.91099521068	310604.27245508984	NaN
108	321256	21504.168396471978	311781.93113772455	NaN
109	322268	22533.184912665034	311484.4381237525	NaN
110	322268	21670.00537475065	312542.5618762475	NaN
111	322268	22113.028814312915	312431.7245508982	NaN
112	322268	21865.168404554297	312898.3223552894	NaN
113	322268	21763.600348146407	313421.58083832334	NaN
114	322268	23017.5770104514	313183.2614770459	NaN
115	322268	22616.247727750946	313662.2315369261	NaN
116	324217	23073.01499819168	313804.56786427146	NaN
117	324217	22234.90595262315	314745.5988023952	NaN
118	324217	20136.027625258776	316658.69161676645	NaN
119	324217	21786.77857125071	315884.7125748503	NaN
120	324217	20870.48567108375	317048.4620758483	NaN
121	324217	20166.32842835529	317931.21756487025	NaN
122	326355	21737.81008953983	317277.120758483	NaN
123	326355	22480.390691968463	317030.8962075848	NaN
124	326355	21002.69961759606	318474.05289421155	NaN
125	327974	22499.55423626254	317966.8113772455	NaN
126	327974	21552.96013845157	318866.4361277445	NaN
127	327974	21014.626263656442	319753.0289421158	NaN
128	327974	22071.870638704684	319304.1037924152	NaN
129	327974	21229.74942572658	320245.82934131735	NaN
130	327974	21352.121856175265	320609.5988023952	NaN
131	327974	21000.123827671945	321263.6676646707	NaN
132	327974	19580.711760741855	322265.36526946106	NaN
133	328461	21066.85101481244	321859.00399201596	NaN
134	328461	22879.06431343682	320802.79341317364	NaN
135	329346	22958.0972765633	321060.8892215569	NaN
136	329535	21607.69845004902	322235.0379241517	NaN
137	329535	21739.608629430015	322537.29441117763	NaN
138	329747	22011.182441542558	322666.46606786427	NaN
139	329747	23457.56427819624	321744.77345309383	NaN
140	329777	25696.19090335332	320289.0668662675	NaN
141	329777	22820.36891157206	322699.71656686626	NaN
142	331469	23319.14939514116	322607.9760479042	NaN
143	331469	24286.794559019767	322230.6626746507	NaN
144	331469	23876.32251995287	322625.23453093815	NaN
145	331561	24018.33914767129	322879.81037924153	NaN
146	332207	23809.33904016508	323198.2045908184	NaN
147	332207	27345.74680131774	320654.0099800399	NaN
148	332207	23936.67059188893	323340.4171656687	NaN
149	332207	23899.018330675182	323772.25249501	NaN
150	332207	25015.242330573295	322940.27145708585	NaN
151	332207	25113.641180157403	323312.84530938126	NaN
152	332207	24295.243230807002	323974.8612774451	NaN
153	332562	24307.552412279554	324228.2385229541	NaN
154	332562	24777.97567628958	324013.53293413174	NaN
155	332981	24390.365645134505	324441.8043912176	NaN
156	333261	24456.381497997158	324476.2415169661	NaN
157	333261	23446.167836331475	325402.370259481	NaN
158	333261	24805.35373941824	324585.16167664673	NaN
159	333261	22458.5466757883	326303.1886227545	NaN
160	333261	21938.64084051622	326855.75548902195	NaN
161	334263	24043.76582491514	325429.4900199601	NaN
162	334263	23714.37230948789	326026.9371257485	NaN
163	334263	23448.230432278517	326234.15269461076	NaN
164	334263	21171.13906805207	327803.04191616765	NaN
165	335010	24639.463761386713	325720.65269461076	NaN
166	335010	22945.375942495415	326798.5538922156	NaN
167	335010	24303.68049326613	326082.7684630739	NaN
168	335010	25209.58675818958	325670.22954091814	NaN
169	335010	24318.070309531035	326383.19760479045	NaN
170	335010	25153.152496343107	326181.9530938124	NaN
171	335101	26316.194291434	325285.29041916167	NaN
172	335101	25456.845637633218	325791.88223552896	NaN
173	335101	25704.155192323586	325762.4640718563	NaN
174	335298	24474.19958314613	327176.29141716566	NaN
175	335298	22876.513248057912	328326.9161676647	NaN
176	335630	23762.876614420285	327999.04291417164	NaN
177	335630	23292.379705066913	328412.88323353295	NaN
178	335630	23732.854844155365	328197.90419161675	NaN
179	337226	24170.371072075257	328013.10678642715	NaN
180	337226	26306.719159153286	326547.1117764471	NaN
181	337226	26926.04592203432	326282.83133732533	NaN
182	337226	24655.78433264819	328064.25249501	NaN
183	337226	24798.526093610893	327994.9101796407	NaN
184	337226	23380.500895973903	329139.2684630739	NaN
185	337226	24512.9792381735	328803.2205588822	NaN
186	337226	25117.562257976202	328539.08882235526	NaN
187	337226	25662.809555686355	328161.5279441118	NaN
188	337226	23893.881046137314	329592.94011976046	NaN
189	337718	24888.266929312318	328991.0868263473	NaN
190	337718	25720.13901702517	328594.874251497	NaN
191	337718	25146.471968501814	329209.63173652696	NaN
192	337949	23198.152324870163	330726.1666666667	NaN
193	337949	25014.659273174042	329884.1497005988	NaN
194	338540	23604.269302746383	330832.628742515	NaN
195	338540	24312.893031769836	330659.9880239521	NaN
196	338540	21857.30995556121	332303.7375249501	NaN
197	338540	19438.327020332	333790.5988023952	NaN
198	339130	18142.099585519238	334578.80339321354	NaN
199	339130	21882.267898292677	332848.84530938126	NaN
200	339130	20136.460119729494	333897.56986027944	NaN
201	339130	23115.366088965697	332463.6676646707	NaN
202	339353	23292.817083371392	332621.68263473053	NaN
203	339353	23972.79360170085	332182.8992015968	NaN
204	339353	22025.270312493274	333472.5758483034	NaN
205	339353	23485.923773700037	332611.9081836327	NaN
206	339353	24032.784394417034	332342.5648702595	NaN
207	339353	25349.643438541396	331449.2884231537	NaN
208	339659	24058.6958428095	332497.7754491018	NaN
209	339659	26385.636783024715	330905.5658682635	NaN
210	339659	25053.231602458734	331809.9381237525	NaN
211	339659	27527.633775325914	330189.1766467066	NaN
212	339791	27945.241388550905	330014.6087824351	NaN
213	339925	28709.52341007589	329085.380239521	NaN
214	339925	28971.75653118205	329152.14271457086	NaN
215	340080	30189.006647112954	328118.1586826347	NaN
216	340080	28561.252956964126	329477.67964071856	NaN
217	340080	28976.16331380238	329383.2594810379	NaN
218	340080	27793.94542100805	330332.96906187624	NaN
219	340080	28987.594396576347	329456.5718562874	NaN
220	340304	29016.84696974906	329417.877245509	NaN
221	340304	28316.877033732155	330012.49301397207	NaN
222	340304	27511.059639058625	330689.48602794413	NaN
223	340304	25436.804210340062	332365.43013972056	NaN
224	340304	24933.18447036007	332728.38323353295	NaN
225	340816	27941.354150473922	330569.92914171657	NaN
226	340816	27635.770727851628	330942.5489021956	NaN
227	341155	27083.06468689058	331662.21856287424	NaN
228	341155	27544.381279270485	331209.56786427146	NaN
229	341155	27267.11730367454	331363.8433133733	NaN
230	341155	28796.241772762052	330537.98003992013	NaN
231	341155	25496.332861772644	333048.27045908186	NaN
232	341155	26986.005609893797	331838.89520958083	NaN
233	341464	26800.832181786405	332218.03293413174	NaN
234	341464	27108.307295779094	332158.9870259481	NaN
235	341482	25280.322240565176	333571.622754491	NaN
236	341482	25128.22375253458	333771.8433133733	NaN
237	341482	26340.07859621937	333103.2375249501	NaN
238	341482	24775.45169357887	334333.4451097804	NaN
239	341568	23806.28749692654	335024.0359281437	NaN
240	342437	24447.726464870906	334624.49301397207	NaN
241	342437	21988.595766880677	336177.0768463074	NaN
242	342437	19509.05510456606	337568.2425149701	NaN
243	342437	20883.321590071402	336905.30139720556	NaN
244	342437	21267.322889755087	336910.89520958083	NaN
245	342437	20853.540025640992	337315.86826347304	NaN
246	342437	21297.494759261775	337183.01397205587	NaN
247	342437	20778.790874675225	337476.0479041916	NaN
248	342437	19960.373862757235	337918.8263473054	NaN
249	342437	22116.14684755015	336827.8263473054	NaN
250	342437	21250.004459549786	337259.4910179641	NaN
251	342437	22072.650076849968	336924.49600798404	NaN
252	342437	23385.078864651467	336217.8143712575	NaN
253	342437	23619.723276522414	336041.04291417164	NaN
254	342437	26124.451447501484	334461.5469061876	NaN
255	342437	27660.459493265724	333481.6856287425	NaN
256	342611	26923.630937513077	333829.91217564873	NaN
257	342611	28114.605793758474	332971.2974051896	NaN
258	342611	27805.325675959277	333212.5489021956	NaN
259	342611	24946.90079550672	335159.4341317365	NaN
260	342611	22025.087680895216	336942.17165668664	NaN
261	342611	20627.144123040936	337715.630738523	NaN
262	342611	18777.826416570926	338739.88522954093	NaN
263	342611	14576.065628757879	340288.38423153694	NaN
264	342611	17402.994230115328	339318.01996007987	NaN
265	342611	18162.65041388089	338974.70858283434	NaN
266	342611	18740.840902380594	338811.95608782436	NaN
267	342611	14020.999635373717	340531.4760479042	NaN
268	342611	17850.373315954796	339149.31037924153	NaN
269	342611	18592.100164953594	338833.8163672655	NaN
270	342611	16905.494982015112	339408.94111776445	NaN
271	342611	16787.958683046374	339593.09780439123	NaN
272	342611	18897.8464869007	338726.66167664673	NaN
273	342995	19311.422817737162	338631.3333333333	NaN
274	342995	16764.719064906552	339779.45608782436	NaN
275	342995	17955.161620269155	339422.2864271457	NaN
276	342995	17915.37789237446	339350.24550898204	NaN
277	342995	16524.721090201332	340036.5918163673	NaN
278	342995	18399.17722072483	339225.6357285429	NaN
279	342995	17278.67383592493	339624.68063872255	NaN
280	342995	17566.887888218644	339615.95908183634	NaN
281	342995	18543.32672104686	339226.30239520955	NaN
282	342995	17494.97340097138	339679.1377245509	NaN
283	342995	15432.185375880757	340385.82135728543	NaN
284	342995	16574.5482044632	339974.1127744511	NaN
285	342995	15059.697825147137	340542.9740518962	NaN
286	342995	16152.699122626018	340166.1137724551	NaN
287	342995	16927.770399883208	339929.130738523	NaN
288	342995	18160.45490783313	339349.6566866267	NaN
289	342995	16945.802893945263	339744.67964071856	NaN
290	342995	15873.203182461588	340262.0449101796	NaN
291	342995	15748.881020226521	340332.3522954092	NaN
292	342995	14927.81821597502	340563.56786427146	NaN
293	342995	16740.600330649373	339902.7375249501	NaN
294	342995	15170.20437081978	340509.9461077844	NaN
295	342995	18160.421543930963	339352.2235528942	NaN
296	342995	17862.145137487198	339555.2574850299	342995
297	342995	30559.8034513237	262888.5998003992	NaN
298	342995	31905.375414722024	266670.8892215569	NaN
299	342995	33108.608548345976	271805.8982035928	NaN
300	342995	34776.18985981318	277533.6936127744	NaN
301	342995	35766.64905128635	287368.51596806385	NaN
302	342995	35298.32936983583	298944.5279441118	NaN
303	342995	31157.34087110322	311815.51497005986	NaN
304	342995	26431.286160001626	321662.00598802394	NaN
305	342995	24313.151637834126	327964.3223552894	NaN
306	342995	21052.560977379366	333607.0548902196	NaN
307	342995	18163.347186210416	337679.4740518962	NaN
308	342995	18562.8735418636	338721.23353293416	NaN
309	342995	14392.263210228884	340725.8992015968	NaN
310	342995	16831.540712949274	339932.1936127744	NaN
311	342995	18254.8372101106	339282.5359281437	NaN
312	342995	16366.599442860634	340095.38123752497	NaN
313	342995	16064.754988000212	340252.38522954093	NaN
314	342995	17172.03445380635	339724.66866267467	NaN
315	342995	15721.592390014008	340339.17864271457	NaN
316	343179	15826.289630494233	340391.2794411178	NaN
317	343179	17817.131319524375	339531.0369261477	NaN
318	343179	18096.896126969245	339458.98403193615	NaN
319	343179	18192.980694480622	339466.7864271457	NaN
320	343179	16879.1941842144	340070.8123752495	NaN
321	343243	17498.382743972463	339815.80838323355	NaN
322	343243	18141.83300861646	339645.2155688623	NaN
323	343243	15509.647929632098	340567.96906187624	NaN
324	343243	17939.206982732467	339695.29041916167	NaN
325	343243	16682.187055749633	340202.6626746507	NaN
326	343243	18238.32807221054	339630.91916167666	NaN
327	343243	18569.19835590748	339504.24750499	NaN
328	343243	16119.417391437317	340379.4361277445	NaN
329	343243	18977.1822625158	339236.4441117764	NaN
330	343243	19618.148940432537	339049.96606786427	NaN
331	343243	17450.285327830294	339929.98303393216	NaN
332	343243	18002.494617155247	339781.2115768463	NaN
333	343243	17002.146737948886	340038.73652694613	NaN
334	343243	17847.85922044742	339757.5289421158	NaN
335	343243	16915.709487344968	340083.15568862273	NaN
336	343243	15297.210534553531	340656.41117764474	NaN
337	343243	17306.578884150047	340010.6117764471	NaN
338	343243	16550.304201183062	340200.6886227545	NaN
339	343243	15873.221808668543	340511.0349301397	NaN
340	343243	16132.162184941417	340399.47804391215	NaN
341	343243	18976.52411526218	339333.251497006	NaN
342	343243	18974.89954440866	339253.4141716567	NaN
343	343243	17694.983920744802	339733.2974051896	NaN
344	343243	16084.532396097657	340422.35528942116	NaN
345	343243	15837.679004348789	340566.4261477046	NaN
346	343243	16184.887281801528	340459.4131736527	NaN
347	343243	17080.51732506169	340099.80738522956	NaN
348	343243	17785.34146192739	339819.08782435127	NaN
349	343243	16318.783431952348	340265.8043912176	NaN
350	343243	15272.710805118464	340704.77245508984	NaN
351	343243	19909.310780226846	338933.377245509	NaN
352	343243	16080.57383642035	340399.53193612775	NaN
353	343243	15191.717669534431	340695.41117764474	NaN
354	343243	17541.893518937377	339864.92914171657	NaN
355	343243	16710.99680451112	340217.4231536926	NaN
356	343243	17099.60522117727	340093.9870259481	343243
357	343243	30764.481442973316	262880.71656686626	NaN
358	343243	32295.976061770838	267448.1127744511	NaN
359	343243	34601.99394301894	273975.7584830339	NaN
360	343243	35701.88869137462	280723.2155688623	NaN
361	343243	36342.34882075987	289413.01996007987	NaN
362	343243	35494.599524816	300722.8343313373	NaN
363	343243	32331.370223915863	312017.97704590816	NaN
364	343243	27951.564713133866	321794.2764471058	NaN
365	343243	23487.35557993507	329453.26347305387	NaN
366	343243	22141.653926304563	334123.9870259481	NaN
367	343243	18910.44592641873	338115.55788423156	NaN
368	343243	18107.517414707254	339270.6886227545	NaN
369	343243	17406.598993783653	339862.9910179641	NaN
370	343243	16545.334569940158	340228.60578842316	NaN
371	343243	16195.910817849093	340374.81836327346	NaN
372	343243	16875.195098427957	340187.1017964072	NaN
373	343243	16847.962420882857	340065.3612774451	NaN
374	343243	17392.457993664273	339993.8602794411	NaN
375	343243	15911.278700991841	340507.2594810379	NaN
376	343243	18183.355767272566	339655.32035928144	NaN
377	343243	18343.596691365197	339528.9371257485	NaN
378	343243	18078.077100788014	339603.21956087823	NaN
379	343243	19049.705047487198	339342.123752495	NaN
380	343243	20402.825518222515	338584.874251497	NaN
381	343243	18039.93529038128	339773.7235528942	NaN
382	343243	17880.774140173195	339880.70658682636	NaN
383	343243	18237.87633579596	339795.7744510978	NaN
384	344142	13754.726216520774	341400.9091816367	NaN
385	344142	18265.618337641943	339875.3363273453	NaN
386	344142	18047.30032495157	340022.14471057884	NaN
387	344142	17224.521822161103	340551.4510978044	NaN
388	344142	16662.57777778245	340855.3113772455	NaN
389	344142	18351.26022976523	340356.4231536926	NaN
390	344142	16928.153483782622	341003.9441117764	NaN
391	344142	16707.721908632273	341059.7425149701	NaN
392	344142	16140.518707449131	341316.4710578842	NaN
393	344142	16718.701559026365	341086.09680638724	NaN
394	344142	17408.092489457125	340842.25349301397	NaN
395	344142	16353.557077321197	341179.4351297405	NaN
396	344142	15769.562982243902	341525.56986027944	NaN
397	344142	17039.16655416408	340959.20858283434	NaN
398	344142	17554.831521751054	340810.1007984032	NaN
399	344142	17053.699378701633	341006.880239521	NaN
400	344142	17816.988241177252	340663.9241516966	NaN
401	344142	18684.036198115606	340342.7884231537	NaN
402	344142	16464.760941597917	341122.65369261475	NaN
403	344142	14417.056753061726	341892.3902195609	NaN
404	344142	15347.451416274365	341643.5249500998	NaN
405	344142	16858.35841148215	341091.26746506983	NaN
406	344142	18643.65943084678	340351.35828343313	NaN
407	344142	17947.180759250456	340577.90219560877	NaN
408	344142	17254.70439712912	340836.8522954092	NaN
409	344142	18208.115201507226	340537.6946107784	NaN
410	344142	17165.315714071217	340996.14371257485	NaN
411	344142	18502.09614677568	340405.4880239521	NaN
412	344142	15632.748952505552	341596.14171656687	NaN
413	344142	18289.818071184516	340553.11776447104	344142
414	344142	30894.05955124762	262632.5538922156	NaN
415	344142	32771.947190773746	267551.53093812376	NaN
416	344142	34368.07697282622	272680.9910179641	NaN
417	344142	35641.48834692269	280573.79141716566	NaN
418	344142	36231.411746655496	288625.8153692615	NaN
419	344142	34702.43433680016	298518.9281437126	NaN
420	344142	31352.74292793572	310439.4870259481	NaN
421	344142	27479.478550765154	320092.26546906185	NaN
422	344142	24408.474173510338	328579.626746507	NaN
423	344142	19789.31209294725	335158.5728542914	NaN
424	344142	16465.66234136357	339340.1477045908	NaN
425	344142	18245.250917809077	340028.88123752497	NaN
426	344142	18061.20177941935	340540.27245508984	NaN
427	344142	13997.253259466395	342048.1596806387	NaN
428	344142	17004.93394148763	341014.6836327345	NaN
429	344142	19165.651337983945	340191.9750499002	NaN
430	344142	19148.919113150463	340124.5728542914	NaN
431	344142	21097.30255615966	339184.5848303393	NaN
432	344142	16932.25117528531	341037.2215568862	NaN
433	344142	14410.37127169514	341939.3263473054	NaN
434	344142	18946.81438140035	340288.26347305387	NaN
435	344142	16540.145437266947	341193.44111776445	NaN
436	344142	17744.192378955388	340726.2954091816	NaN
437	344142	15229.439156686238	341715.4091816367	NaN
438	344142	16041.796365877215	341285.26447105786	NaN
439	344142	21065.89880307216	339275.1956087824	NaN
440	344142	17966.947864884918	340684.27345309383	NaN
441	344142	16340.922730245342	341280.7255489022	NaN
442	344142	17854.16493459979	340705.875249501	NaN
443	344142	18035.989548417743	340596.5828343313	NaN
444	344142	19490.896044610177	339953.2764471058	NaN
445	344142	19090.18678685928	340117.9091816367	NaN
446	344142	18815.335206453256	340269.380239521	NaN
447	344142	16228.111152396921	341249.0828343313	NaN
448	344142	17215.639836715698	340926.5	NaN
449	344142	18600.840271038367	340380.1856287425	NaN
450	344142	18285.627196176403	340528.71656686626	NaN
451	344142	16476.839605172423	341254.58083832334	NaN
452	344142	17552.29410761221	340743.0379241517	NaN
453	344142	18097.26403240827	340624.874251497	NaN
454	344142	16522.2382268558	341197.3343313373	NaN
455	344142	19191.626419736716	340140.2225548902	NaN
456	344142	16887.882633239777	341080.9101796407	NaN
457	344142	15785.892257783002	341424.9640718563	NaN
458	344142	17552.00535656278	340717.96606786427	NaN
459	344142	16090.883229604571	341325.14171656687	NaN
460	344142	16570.526576898294	341238.14570858283	NaN
461	344142	18288.079584609088	340471.379241517	NaN
462	344142	17091.29686580335	340996.10678642715	NaN
463	344142	18138.64407880565	340552.86826347304	NaN
464	344142	19376.798755915574	339988.7984031936	NaN
465	344142	19940.272082602394	339832.8483033932	NaN
466	344142	18097.55467612561	340533.86826347304	344142
467	344142	31956.48163088214	263218.870259481	NaN
468	344142	33813.41828743362	268662.3123752495	NaN
469	344142	35460.986490236864	274657.4171656687	NaN
470	344142	36754.729494735024	279946.30239520955	NaN
471	344142	37591.548896204535	288101.5658682635	NaN
472	344142	36707.67253239163	297545.96906187624	NaN
473	344142	33578.133846148914	309550.5449101796	NaN
474	344142	28881.78236948391	321051.39321357285	NaN
475	344142	25321.507339797954	329195.622754491	NaN
476	344142	21720.279075532264	335078.22754491016	NaN
477	344142	18716.672313315095	339083.8343313373	NaN
478	344142	16653.682843114988	341010.94810379244	NaN
479	344142	17751.2307857011	340652.119760479	NaN
480	344142	14952.588527721417	341751.7744510978	NaN
481	344142	18031.069213994077	340671.8512974052	NaN
482	344142	17748.277311334587	340679.9081836327	NaN
483	344142	19416.312343778885	339962.51696606784	NaN
484	344142	17434.636225981474	340870.3522954092	NaN
485	344142	18313.25708025707	340576.68962075847	NaN
486	344142	18213.296187495165	340544.7844311377	NaN
487	344479	16382.419018129101	341344.73652694613	NaN
488	344479	20532.652120476883	339632.5828343313	NaN
489	344479	17880.104392069534	340701.0249500998	NaN
490	344479	18670.118667532955	340503.79241516965	NaN
491	344479	18005.96428997228	340710.30339321354	NaN
492	344479	20156.97554512897	339673.7415169661	NaN
493	344479	15844.181619790337	341600.5489021956	NaN
494	344479	17814.539309830867	340941.84630738525	NaN
495	344479	16778.72968909904	341384.1676646707	NaN
496	344479	19088.294788721734	340575.74351297406	NaN
497	344479	20715.451060794414	339746.79241516965	NaN
498	344479	17113.60059982035	341269.5289421158	NaN
499	344479	15487.14111313448	341858.66866267467	NaN
500	344479	18877.610992045553	340690.6367265469	NaN
501	344479	18132.500383054106	340908.52994011977	NaN
502	344479	16570.616236390877	341525.94710578845	NaN
503	344479	18485.261642264024	340765.6936127744	NaN
504	344479	16249.29560850627	341681.871257485	NaN
505	344479	16730.213967818167	341446.120758483	NaN
506	344479	17815.380143589722	341099.08782435127	NaN
507	344479	17800.573563018617	340987.56986027944	NaN
508	344479	17942.14381528202	341073.3403193613	NaN
509	344479	19642.724071464116	340328.251497006	NaN
510	344479	19231.417416754906	340468.95908183634	NaN
511	344479	16280.70176167915	341581.58882235526	NaN
512	344479	17884.008049529235	341021.1357285429	NaN
513	344479	19469.605991366156	340303.5	NaN
514	344479	19155.631360965795	340584.5918163673	NaN
515	344479	19288.411529530997	340454.14171656687	NaN
516	344479	18350.066312046478	340765.9710578842	NaN
517	344479	19149.120790641005	340458.25349301397	NaN
518	344479	16534.174430244126	341558.1646706587	NaN
519	344479	18852.79916797582	340645.501996008	NaN
520	344479	15686.650661119837	341874.32834331336	NaN
521	344479	17930.91558428116	340989.33832335327	NaN
522	344479	18131.924715915426	340935.7255489022	NaN
523	344479	18150.270051473468	340885.4880239521	NaN
524	344479	20675.825425274328	339734.8532934132	NaN
525	344479	15607.266981574294	341892.58782435127	NaN
526	344479	19714.10479336164	340263.9131736527	NaN
527	344479	18670.472210288342	340733.27045908186	NaN
528	344479	16301.102006995923	341674.1606786427	344479
529	344479	31455.741484092232	263530.4880239521	NaN
530	344479	32736.32063964349	267836.78243512975	NaN
531	344479	33628.938124682776	271912.78143712576	NaN
532	344479	35119.13032849347	278311.45808383235	NaN
533	344479	35934.383138390214	285848.125748503	NaN
534	344479	35875.52495826223	295750.1097804391	NaN
535	344479	33654.9256238596	306030.57884231536	NaN
536	344479	30071.545019696467	316131.0499001996	NaN
537	344479	26650.48600140533	324708.80838323355	NaN
538	344479	23000.788613776764	332473.1656686627	NaN
539	344479	17944.644311366028	338188.873253493	NaN
540	344479	16829.17493998573	340581.64371257485	NaN
541	344479	20055.275362434113	339939.0089820359	NaN
542	344479	16736.992850463033	341479.0828343313	NaN
543	344479	17739.47766974363	341151.3353293413	NaN
544	344479	18782.392347334346	340673.7385229541	NaN
545	344479	17109.99768610953	341311.59481037926	NaN
546	344479	15429.479608216385	341918.86726546905	NaN
547	344479	16606.52723081167	341520.4880239521	NaN
548	344479	15651.64200584375	341831.11576846306	NaN
549	344479	16615.905391006625	341515.8512974052	NaN
550	344479	19263.222766570503	340510.2025948104	NaN
551	344479	18294.861244623742	340857.33133732533	NaN
552	344479	17970.553140397384	340968.5668662675	NaN
553	344479	14406.749683576685	342229.4061876247	NaN
554	344479	17713.800092496112	341008.3273453094	NaN
555	344479	16375.54564511991	341611.63373253495	NaN
556	344479	15674.427385214354	341827.65568862273	NaN
557	344479	17471.933039478397	341181.4341317365	NaN
558	344479	17359.46928261949	341234.00399201596	NaN
559	344479	17343.525634418223	341289.623752495	NaN
560	344479	19628.17138306509	340256.8992015968	NaN
561	344479	17961.033551739045	341035.23652694613	NaN
562	344479	16956.10252521591	341388.4550898204	NaN
563	344479	17168.74362741273	341341.7425149701	NaN
564	344479	18859.270909119794	340696.0469061876	NaN
565	344479	16879.54844151499	341371.9371257485	NaN
566	344479	18376.506852466504	340855.03393213573	NaN
567	344479	16509.702691097267	341586.69760479045	NaN
568	344479	19373.39889457322	340437.96806387225	NaN
569	344479	18852.224188325104	340704.5279441118	NaN
570	344479	13868.978936942163	342453.8133732535	NaN
571	344479	17965.88452875522	341023.42914171657	NaN
572	344479	14784.961505246421	342118.5129740519	NaN
573	344479	19650.331448300723	340283.88223552896	NaN
574	344479	18125.496174619428	340938.1387225549	NaN
575	344479	18852.3591106922	340693.4371257485	NaN
576	344479	18064.117714627744	340897.9091816367	NaN
577	344479	18704.484380518177	340699.997005988	NaN
578	344479	17196.118972901502	341264.0638722555	NaN
579	344479	18265.376904736484	340716.9081836327	NaN
580	344479	18173.451327384766	340878.3143712575	NaN
581	344479	17222.61458097454	341311.88522954093	NaN
582	344479	19291.347320829576	340457.84630738525	NaN
583	344479	18776.176414357487	340702.17065868265	344479
584	344479	30616.19178774576	262735.1017964072	NaN
585	344479	32325.56992017633	267130.7225548902	NaN
586	344479	34374.00630113122	273256.622754491	NaN
587	344479	35945.77884500902	280745.71756487025	NaN
588	344479	36113.542823438	288331.2415169661	NaN
589	344479	35257.56168800024	298623.5718562874	NaN
590	344479	32116.862916035596	309674.002994012	NaN
591	344479	27949.70121263927	320110.9271457086	NaN
592	344479	23992.318304946202	328349.9500998004	NaN
593	344479	20350.20365159336	334618.6626746507	NaN
594	344479	21045.583154270935	337490.370259481	NaN
595	344479	20987.06534755555	338905.31037924153	NaN
596	344479	19835.27689437338	339918.0079840319	NaN
597	344479	17798.69039414892	341033.2395209581	NaN
598	344479	16796.380653011645	341431.55089820357	NaN
599	344479	16248.064930326938	341682.48003992013	NaN
600	344479	16187.329236151803	341655.30239520955	NaN
601	344479	14785.325836678569	342119.3113772455	NaN
602	344479	18941.274643957175	340629.99301397207	NaN
603	344479	17910.203908043106	340931.30838323355	NaN
604	344479	18583.024260662347	340799.9371257485	NaN
605	344479	18584.177752906733	340780.120758483	NaN
606	344479	17090.05195623991	341237.36726546905	NaN
607	344479	19587.094185470844	340339.4630738523	NaN
608	344479	17717.515542112487	341119.0548902196	NaN
609	344479	17728.199057952967	341040.51596806385	NaN
610	344479	15768.294010266807	341864.8163672655	NaN
611	344479	19190.813190604676	340478.24550898204	NaN
612	344479	18277.45903963308	340858.5638722555	NaN
613	344479	17808.219359567112	341047.9011976048	NaN
614	344479	19199.675667257998	340474.5828343313	NaN
615	344479	18365.426871163392	340890.48303393216	NaN
616	344479	15380.773014572014	341920.63473053894	NaN
617	344479	18700.61617551365	340675.6876247505	NaN
618	344479	14680.921147341805	342136.6107784431	NaN
619	344479	16665.257254875072	341511.2594810379	NaN
620	344479	19374.803819049877	340434.21956087823	NaN
621	344479	19159.305915906494	340452.2035928144	NaN
622	344479	20086.54864439314	340034.14471057884	NaN
623	344479	17670.06625696534	341080.71756487025	NaN
624	344479	19035.10779888193	340511.6856287425	NaN
625	344479	16868.078069235835	341355.6576846307	NaN
626	344479	17705.572970132936	341072.873253493	NaN
627	344479	17683.60434300708	341073.3003992016	NaN
628	344479	16891.224270989725	341420.8493013972	NaN
629	344479	14506.681271774276	342214.0928143713	NaN
630	344479	16249.324384834355	341732.9261477046	NaN
631	344479	14043.786197694642	342334.4281437126	NaN
632	344479	19319.199979291476	340423.55289421155	NaN
633	344479	16815.877568572545	341364.249500998	NaN
634	344479	18640.18737721277	340711.5379241517	NaN
635	344479	15996.527396891823	341775.57884231536	NaN
636	344479	19989.545980180286	340157.79341317364	NaN
637	344479	20882.7578844543	339757.6866267465	NaN
638	344479	17240.980829900727	341305.4610778443	NaN
639	344479	16849.709123206412	341379.4520958084	NaN
640	344479	17174.628648900118	341319.3113772455	NaN
641	344479	17686.170771032408	341072.77145708585	344479
642	344479	30848.75348797642	263006.9520958084	NaN
643	344479	31764.473235715883	267252.91916167666	NaN
644	344479	33473.302871317275	272279.5918163673	NaN
645	344479	35614.73289497913	279763.620758483	NaN
646	344479	36240.66170175441	287426.4461077844	NaN
647	344479	35688.065537428454	296500.5538922156	NaN
648	344479	34132.68821530284	306046.7974051896	NaN
649	344479	31129.64783171857	315995.6596806387	NaN
650	344479	27337.17779759294	324403.44211576844	NaN
651	344479	22552.701114607935	332335.626746507	NaN
652	344479	17877.27729968494	338402.0389221557	NaN
653	344479	16966.070921224396	340601.5998003992	NaN
654	344479	18540.495852403168	340582.8532934132	NaN
655	344479	18700.779020740894	340623.45608782436	NaN
656	344479	16943.80944445799	341392.74451097805	NaN
657	344479	15893.76480874897	341792.5828343313	NaN
658	344479	17506.952542891657	341045.1566866267	NaN
659	344479	18022.20774521656	340979.2794411178	NaN
660	344479	19790.825293458034	340252.47704590816	NaN
661	344479	18048.099381733206	341003.65568862273	NaN
662	344479	15849.441484876734	341748.6027944112	NaN
663	344479	19451.975013178275	340423.64570858283	NaN
664	344479	19791.515687101873	340197.2385229541	NaN
665	344479	17515.525633282683	341105.128742515	NaN
666	344479	19163.85955422081	340484.26447105786	NaN
667	344479	18965.013472045026	340574.8153692615	NaN
668	344479	17607.34391885803	341086.54091816366	NaN
669	344479	17353.527790805925	341275.4620758483	NaN
670	344479	19197.69132073067	340474.4510978044	NaN
671	344479	15559.649402803905	341895.84431137727	NaN
672	344479	17058.691835493682	341338.19860279444	NaN
673	344479	20204.182244820568	340018.5489021956	NaN
674	344479	16318.49479995916	341618.65369261475	NaN
675	344479	17088.632522793632	341334.63373253495	NaN
676	344479	17973.8925958183	341069.5379241517	NaN
677	344479	18265.99639802667	340811.21856287424	NaN
678	344479	19156.118543091066	340483.80938123754	NaN
679	344479	17301.404097520426	341221.68163672654	NaN
680	344479	16612.044919618216	341467.5259481038	NaN
681	344479	17424.40194410371	341271.7135728543	NaN
682	344479	19571.41499119622	340297.0249500998	NaN
683	344479	15994.722452744065	341724.45708582836	NaN
684	344479	17305.60347121448	341244.8972055888	NaN
685	344479	17591.054929653776	341091.629740519	NaN
686	344479	17934.07532782109	341040.19261477044	NaN
687	344479	20839.96705535975	339666.46606786427	NaN
688	344479	16406.783047579753	341556.6007984032	NaN
689	344479	16805.900202719033	341436.30239520955	NaN
690	344479	20158.01107605334	340069.0129740519	NaN
691	344479	17941.03915433594	340955.76646706584	NaN
692	344479	18512.579773400234	340758.64171656687	NaN
693	344479	17284.58985550422	341247.8143712575	NaN
694	344479	14158.245098514366	342314.5249500998	NaN
695	344479	15455.685239331113	341914.7385229541	NaN
696	344479	17611.210326720444	341136.95708582836	NaN
697	344479	17125.56679381423	341218.377245509	344479
698	344479	30659.17757461709	262432.4161676647	NaN
699	344479	32624.001463658384	267209.6736526946	NaN
700	344479	34723.82478242871	273022.15369261475	NaN
701	344479	36002.51371525706	279227.8423153693	NaN
702	344479	36687.21830314327	286515.7215568862	NaN
703	344479	36032.29825880793	296482.28343313374	NaN
704	344479	33445.33608322488	307459.3243512974	NaN
705	344479	28858.92735211903	318379.0469061876	NaN
706	344479	24158.564711182273	327650.5848303393	NaN
707	344479	24195.09694191039	332310.02295409184	NaN
708	344479	20783.002065071687	337174.56986027944	NaN
709	344479	17219.505453987174	340296.6856287425	NaN
710	344479	16502.68312850871	341345.05089820357	NaN
711	344479	16588.870528828553	341566.66966067866	NaN
712	344479	17116.018065606222	341333.6996007984	NaN
713	344479	19529.335485607462	340352.9101796407	NaN
714	344479	15820.541878696977	341763.76347305387	NaN
715	344479	16763.13292135238	341488.8632734531	NaN
716	344479	18334.88886256366	340911.9381237525	NaN
717	344479	21087.958878021986	339530.43912175647	NaN
718	344479	19512.88093811783	340332.17964071856	NaN
719	344479	17143.956156227767	341323.86726546905	NaN
720	344479	18085.28737466848	340908.6367265469	NaN
721	344479	18858.593266425054	340568.26347305387	NaN
722	344479	15336.948341504703	341986.90219560877	NaN
723	344479	17168.7704382805	341321.4241516966	NaN
724	344479	15032.172055974688	342080.121756487	NaN
725	344479	18417.359469622075	340831.36826347304	NaN
726	344479	18148.460839689786	340887.61776447104	NaN
727	344479	15297.157342192988	341990.97904191614	NaN
728	344479	16674.552484116593	341457.74550898204	NaN
729	344479	14528.888163757489	342211.06886227545	NaN
730	344479	19844.752825091735	340241.9820359281	NaN
731	344479	18644.190064289305	340705.16866267467	NaN
732	344479	19484.459220070745	340363.9520958084	NaN
733	344479	18982.12790334003	340621.499001996	NaN
734	344479	16231.934591924412	341686.40319361276	NaN
735	344479	17016.115980308514	341345.2854291417	NaN
736	344479	18458.200851229103	340724.9550898204	NaN
737	344479	18700.51959534318	340660.00698602793	NaN
738	344479	17568.740415276363	341079.2115768463	NaN
739	344479	19241.21351734552	340456.0479041916	NaN
740	344479	18218.300065241303	340893.8602794411	NaN
741	344479	17361.131189713826	341260.9810379241	NaN
742	344479	19727.35830606179	340313.0389221557	NaN
743	344479	18356.94480922698	340843.1766467066	NaN
744	344479	21369.380853558923	339406.2395209581	NaN
745	344479	18167.202223747085	340912.8592814371	NaN
746	344479	18490.059593198417	340738.0848303393	NaN
747	344479	14859.58659938956	342061.4381237525	NaN
748	344479	19202.415823824118	340473.4001996008	NaN
749	344479	16868.387558663107	341473.30938123754	NaN
750	344479	18761.003769743296	340626.41217564873	NaN
751	344479	17863.560482160447	340997.126746507	NaN
752	344479	17902.454908576045	341026.76646706584	NaN
753	344479	15860.472591346603	341749.0179640719	NaN
754	344479	18227.694835521463	340899.0638722555	344479
755	344479	31455.97161192181	263478.86626746505	NaN
756	344479	33287.953092416654	267967.47804391215	NaN
757	344479	35686.686039043416	274182.72954091814	NaN
758	344479	37251.15389771965	282315.48602794413	NaN
759	344479	37356.53318266822	291234.7125748503	NaN
760	344479	35920.59911809036	301758.0918163673	NaN
761	344479	32508.880613151556	312446.11876247503	NaN
762	344479	30133.910129038104	321306.13173652696	NaN
763	344479	24388.943436648555	330888.89520958083	NaN
764	344479	21717.87919603651	336281.5638722555	NaN
765	344479	18890.4873083419	339566.30239520955	NaN
766	344479	18699.986829024005	340508.68263473053	NaN
767	344479	16253.82654942554	341584.63473053894	NaN
768	344479	16606.715127802636	341522.5718562874	NaN
769	344479	20248.472708050125	339974.5289421158	NaN
770	344479	18380.56809935882	340845.20758483035	NaN
771	344479	15674.928088744968	341842.0638722555	NaN
772	344479	17182.0228223614	341386.09780439123	NaN
773	344479	16907.979496916807	341442.0718562874	NaN
774	344479	17376.78493590339	341230.8113772455	NaN
775	344479	17398.323401227815	341236.4251497006	NaN
776	344930	15968.339618521573	341772.72754491016	NaN
777	344930	19122.27839259692	340633.126746507	NaN
778	344930	19062.135961130247	340776.14471057884	NaN
779	344930	16111.931186729695	341925.4550898204	NaN
780	344930	16970.371479255387	341648.7574850299	NaN
781	344930	20374.325308810727	340505.4261477046	NaN
782	344930	16816.17075696642	341804.5109780439	NaN
783	344930	18309.00436643118	341386.5748502994	NaN
784	345032	19103.01803100975	340966.0449101796	NaN
785	345342	17116.014637954042	341814.3493013972	NaN
786	345342	17820.899878859294	341648.76746506983	NaN
787	345491	17401.227842138767	341795.8063872256	NaN
788	345491	20490.434006875297	340631.9900199601	NaN
789	345491	18513.951329249037	341403.5828343313	NaN
790	345491	16234.414102183036	342346.4900199601	NaN
791	345491	16120.104590712499	342547.7255489022	NaN
792	345890	18235.50558127946	341821.2005988024	NaN
793	345890	18619.51334085761	341802.9760479042	NaN
794	345890	20341.183958717957	341025.73053892213	NaN
795	345890	17058.98029964031	342433.1776447106	NaN
796	345949	15017.459976632206	343298.9900199601	NaN
797	345949	18381.56348156798	342231.6397205589	NaN
798	345949	15683.097952333097	343189.0119760479	NaN
799	346044	18784.604140592783	342106.6377245509	NaN
800	346044	19197.159526593005	341934.8113772455	NaN
801	346044	19222.62630614017	341982.8982035928	NaN
802	346044	20068.49263230165	341710.5349301397	NaN
803	346044	18982.433566990978	342257.76646706584	NaN
804	346044	20154.77321031824	341679.4001996008	NaN
805	346044	16545.021635511905	343101.5449101796	NaN
806	346044	15365.502178130077	343559.14371257485	NaN
807	346044	17455.64772374231	342784.96606786427	NaN
808	346044	18904.953655257028	342199.749500998	NaN
809	346044	17397.58767038709	342942.7584830339	NaN
810	346044	16842.424240822875	342991.27145708585	NaN
811	346044	16257.919713852762	343196.28343313374	NaN
812	346044	19053.113508543258	342170.64371257485	NaN
813	346044	17621.06824549833	342718.251497006	NaN
814	346044	22323.416041144566	340630.2984031936	NaN
815	346044	17484.4081195262	342774.3483033932	NaN
816	346044	16439.071765689765	343163.85528942116	NaN
817	346044	18246.539752494053	342530.4351297405	NaN
818	346044	16876.089728632236	343003.69760479045	NaN
819	346044	17816.50760249351	342662.39221556886	NaN
820	346044	18571.384807352075	342418.8972055888	NaN
821	346044	16851.58080826567	343140.73053892213	NaN
822	346044	15775.532494644513	343388.27345309383	NaN
823	346044	19140.025355014983	342199.1037924152	NaN
824	346044	18962.065295443823	342171.81836327346	NaN
825	346044	18224.783136925693	342504.10778443114	NaN
826	346044	19292.418327972984	342067.8403193613	NaN
827	346044	18925.011191807283	342249.05788423156	346044
828	346044	31295.93761211125	262699.7005988024	NaN
829	346044	33306.41746546354	267857.22754491016	NaN
830	346044	35389.296481173085	273784.44810379244	NaN
831	346044	36766.58031923297	280112.30139720556	NaN
832	346044	37539.789843212886	288220.47904191614	NaN
833	346044	36921.114197101226	298627.5868263473	NaN
834	346044	34235.060868059416	309688.64171656687	NaN
835	346044	30880.207844355562	318639.63173652696	NaN
836	346044	26257.60337554544	327808.49600798404	NaN
837	346044	21012.036456970643	335691.1606786427	NaN
838	346044	20226.528184588624	339310.10778443114	NaN
839	346044	16265.721077612172	342546.3113772455	NaN
840	346044	16757.90315203788	342875.21856287424	NaN
841	346044	18090.859168184743	342484.0738522954	NaN
842	346044	17669.701299617518	342690.7874251497	NaN
843	346044	16256.09482046066	343194.75249501	NaN
844	346044	18667.292217857517	342347.119760479	NaN
845	346044	15703.881738896112	343396.5399201597	NaN
846	346044	19058.52521572286	342219.3493013972	NaN
847	346044	20425.433325342172	341574.67864271457	NaN
848	346044	17045.05364060809	342858.23253493017	NaN
849	346044	16690.822307758095	343071.49401197606	NaN
850	346044	17077.141635992688	343000.48303393216	NaN
851	346044	20111.659046529865	341618.42914171657	NaN
852	346044	17429.50759913463	342814.68163672654	NaN
853	346044	17259.890482170304	342773.7375249501	NaN
854	346044	16233.581422369554	343301.498003992	NaN
855	346044	15894.06602085595	343406.5499001996	NaN
856	346044	17786.356331024195	342720.78043912177	NaN
857	346044	16349.415290933568	343281.30339321354	NaN
858	346044	18716.994689894218	342386.56886227545	NaN
859	346044	17929.930687619468	342606.59580838325	NaN
860	346044	18931.18549912115	342220.9261477046	NaN
861	346044	16906.45167645841	342935.01696606784	NaN
862	346044	20684.803386287917	341457.0668662675	NaN
863	346044	15705.159212309918	343487.379241517	NaN
864	346044	19311.341045030906	342116.49301397207	NaN
865	346044	18691.29811319656	342344.53093812376	NaN
866	346044	18674.975816097824	342248.7425149701	NaN
867	346044	17674.56613525724	342789.9341317365	NaN
868	346044	16650.920750187997	343080.9441117764	NaN
869	346044	15349.33176525267	343593.1467065868	NaN
870	346044	18475.793913116013	342434.625748503	NaN
871	346044	20021.365367993498	341707.379241517	NaN
872	346044	14791.436230599595	343692.66966067866	NaN
873	346044	18157.46539691532	342562.82934131735	NaN
874	346044	16382.676654275672	343254.55988023954	NaN
875	346044	16592.47674390472	343136.97804391215	NaN
876	346044	20189.690319677396	341781.0728542914	NaN
877	346044	19041.85312895157	342124.7884231537	NaN
878	346044	17606.7298790233	342754.1097804391	NaN
879	346044	17946.085110418637	342616.4271457086	NaN
880	346044	14950.432483853097	343658.72954091814	NaN
881	346044	18562.50997494688	342388.21756487025	NaN
882	346044	16695.43487016448	343119.124750499	346044
883	346044	30769.65635894326	262074.4491017964	NaN
884	346044	32278.956018694	266317.5079840319	NaN
885	346044	34289.27876701285	271656.4351297405	NaN
886	346044	35553.63090309281	277907.6506986028	NaN
887	346044	36309.81742895521	285695.8263473054	NaN
888	346044	35845.10591199746	294248.125748503	NaN
889	346044	34404.25510632554	304502.6946107784	NaN
890	346044	30574.919558996364	316385.21856287424	NaN
891	346044	26715.310732523605	325790.9870259481	NaN
892	346044	23121.46495461857	333491.40419161675	NaN
893	346044	18603.855860713837	339545.97005988023	NaN
894	346044	21959.90723234	340030.28143712576	NaN
895	346044	19520.547696736237	341860.6467065868	NaN
896	346044	20240.736551653907	341635.74650698603	NaN
897	346044	19885.27015801476	341749.497005988	NaN
898	346044	17977.73389558757	342631.36626746505	NaN
899	346044	16958.269088858964	342995.9810379241	NaN
900	346044	17652.042455895677	342794.56986027944	NaN
901	346044	18950.890702030523	342200.0359281437	NaN
902	346044	16812.61791643336	343047.0938123753	NaN
903	346044	19201.7710016224	342061.3512974052	NaN
904	346044	16431.852784157356	343116.4810379241	NaN
905	346044	16349.65317663405	343228.0988023952	NaN
906	346044	16950.235902897224	343021.1137724551	NaN
907	346044	18066.68262704803	342570.4171656687	NaN
908	346044	17780.939013106483	342519	NaN
909	346044	19666.56670096603	341942.8113772455	NaN
910	346044	16399.480797394535	343221.0738522954	NaN
911	346044	16156.103726158968	343311.52195608785	NaN
912	346044	18674.240277831945	342397.125748503	NaN
913	346044	18653.772777175705	342348.4281437126	NaN
914	346044	16114.796540124677	343268.44211576844	NaN
915	346044	19209.60044548368	342138.1566866267	NaN
916	346044	19475.331201055495	341982.05289421155	NaN
917	346044	17722.86230538099	342731.9151696607	NaN
918	346044	20942.72730526413	341271.84730538924	NaN
919	346044	20775.136027956007	341321.5379241517	NaN
920	346044	20702.255079615396	341421.96606786427	NaN
921	346044	20452.481194375883	341532.59580838325	NaN
922	346044	19678.635330815305	341887.55289421155	NaN
923	346044	18298.047359841778	342420.94710578845	NaN
924	346044	17632.42131277302	342749.49600798404	NaN
925	346044	18724.48948073501	342284.31037924153	NaN
926	346044	18769.954786246733	342276.7235528942	NaN
927	346044	17896.857105258194	342617.48502994014	NaN
928	346044	17611.043622194607	342802.81936127745	NaN
929	346044	15654.663992628104	343443.86526946106	NaN
930	346044	16328.388446222827	343230.66866267467	NaN
931	346044	19025.244255562615	342226.09580838325	NaN
932	346044	18248.272018093405	342503.2754491018	NaN
933	346044	19191.426677762753	342033.5928143713	NaN
934	346044	18520.091911189094	342354.5848303393	NaN
935	346044	18730.52588473967	342285.76746506983	346044
936	346044	30960.469719401448	261879.3612774451	NaN
937	346044	32560.506504718513	266285.8043912176	NaN
938	346044	34094.64614897353	271414.29341317364	NaN
939	346044	35274.57646717687	277377.7115768463	NaN
940	346044	36671.45833916104	285482.1497005988	NaN
941	346044	35996.62640775352	295098.77245508984	NaN
942	346044	34122.25512738898	305896.47005988023	NaN
943	346044	30748.986324796086	316775.499001996	NaN
944	346044	26084.870105858558	326362.41916167666	NaN
945	346044	24767.083798073032	331923.3273453094	NaN
946	346044	20997.495150679406	337810.79141716566	NaN
947	346044	19890.297545897807	340440.86526946106	NaN
948	346044	20242.9821198326	341218.7035928144	NaN
949	346044	17462.386059184184	342747.7225548902	NaN
950	346044	16090.338249239778	343334.2235528942	NaN
951	346044	20271.784959071996	341625.4351297405	NaN
952	346230	17100.291060020532	342921.3872255489	NaN
953	346230	17967.871085252144	342665.77345309383	NaN
954	346230	18052.54057473987	342562.1676646707	NaN
955	346230	18964.398477747516	342350.09780439123	NaN
956	346230	18388.165657749425	342491.9461077844	NaN
957	346230	22374.09202217071	340673.35828343313	NaN
958	346230	18481.274930248972	342545.501996008	NaN
959	346230	17718.331250511503	342837.04291417164	NaN
960	346230	16749.8386581105	343242.68063872255	NaN
961	346230	18207.6356085515	342673.93113772455	NaN
962	346230	17471.239806661975	342869.91217564873	NaN
963	346230	18486.437936272316	342570.7125748503	NaN
964	346230	19245.301350755053	342190.4161676647	NaN
965	346230	17804.143123198988	342903.72954091814	NaN
966	346230	17723.360961842453	342821.1497005988	NaN
967	346230	17887.913827419834	342838.4530938124	NaN
968	346230	17820.050920507896	342899.81936127745	NaN
969	346230	16825.599275243705	343187.2584830339	NaN
970	346230	18232.328556433607	342777.6676646707	NaN
971	346230	19308.59577190611	342322.0918163673	NaN
972	346230	20470.325872889072	341701.8982035928	NaN
973	346230	19308.089191366118	342279.18962075847	NaN
974	346415	18338.519944756434	342739.90518962074	NaN
975	346415	15809.780865914296	343746.44311377243	NaN
976	346415	15889.339448703973	343716.1127744511	NaN
977	346415	16594.625428950665	343483.18063872255	NaN
978	346415	17129.002609790947	343220.3273453094	NaN
979	346415	18384.374319393908	342815.9640718563	NaN
980	346415	15307.012802715648	343942.68163672654	NaN
981	346415	14851.065833014925	344147.0089820359	NaN
982	346415	19055.666599741267	342647.4081836327	NaN
983	346483	14612.037044188857	344186.3353293413	NaN
984	346483	15083.389635055135	344016.4730538922	NaN
985	346483	17541.72910865974	343198.7874251497	NaN
986	346483	17767.71966328803	343071.6876247505	NaN
987	346483	17773.93805000108	343116.25648702594	NaN
988	346483	18226.386190434903	342941.1936127744	NaN
989	346483	17574.73102374193	343174.8532934132	NaN
990	346483	19145.249643651343	342555.127744511	NaN
991	346483	17932.3907250204	343126.6027944112	NaN
992	346483	18575.607512630904	342751.4730538922	NaN
993	346483	14667.3336548926	344189.70958083833	NaN
994	346483	17491.922287282552	343262.15269461076	NaN
995	346483	17353.164749880365	343271.69261477044	NaN
996	346483	16191.971361113454	343693.9820359281	NaN
997	346483	14661.97138203658	344167.2035928144	NaN
998	346483	19610.332375084174	342441.34730538924	NaN
999	346483	17937.65221599561	343031.2405189621	NaN
