generation	best	sd	avg
0	250416	6372.750922577208	248097.61377245508
1	250416	6612.9407728114065	247527.0249500998
2	250416	7061.3343822204615	247943.4391217565
3	260155	7122.271459813199	248516.85528942116
4	260155	6762.568242220889	249535.5239520958
5	260155	6549.548915357684	249179.66966067866
6	263320	6903.8301540573275	249046.78542914172
7	263320	6530.759498854102	250081.9500998004
8	263320	6547.939814576676	251213.87025948105
9	263320	6584.226564090824	252141.8123752495
10	268324	7246.950017465342	252695.71956087823
11	268324	7233.253295935998	252207.4361277445
12	268324	7049.75974524996	251466.34431137724
13	268324	6918.964477534268	251521.54091816366
14	268324	6881.178821270538	251408.9730538922
15	268324	6408.726588638669	251347.4361277445
16	268324	6726.498497727707	251946.3143712575
17	268324	6977.6719389629	251635.53193612775
18	268324	7106.787289062541	251639.75848303392
19	268324	6749.974613577642	250904.35429141717
20	268324	6893.689858875957	251173.95808383235
21	268324	6807.762050114472	251618.5968063872
22	268324	6408.210794662991	251680.72355289423
23	268324	6487.640498215686	252517.29241516965
24	268324	6767.312179241827	252365.9131736527
25	268324	6444.563898522688	252754.6626746507
26	268324	7050.02112845756	252623.9031936128
27	268324	7219.892177906818	253308.52894211578
28	268324	7345.265336094967	254021.50199600798
29	268324	7197.723041738565	253733.97904191617
30	268324	7390.690385727316	254440.52095808383
31	268324	7791.667258736992	254632.8502994012
32	268324	8246.315254348225	254892.7774451098
33	268324	8872.875096310714	254777.89620758482
34	268324	8751.73758537638	254109.74151696608
35	268324	7975.7916210643425	254691.748502994
36	269686	7975.516898359151	254782.1616766467
37	269686	7766.684478269892	254727.73153692615
38	269686	7885.55474033479	255111.51097804392
39	269686	7824.617038638011	255764.12175648703
40	269686	7802.520346055921	257037.38123752494
41	269686	8086.870167321131	257609.51696606787
42	269686	8557.662879522504	258188.97804391218
43	269686	8648.61316219848	258966.46107784432
44	269686	8887.951006653931	259889.96506986028
45	269686	9295.216073315965	259472.44510978044
46	269686	9442.518498616337	259390.6616766467
47	269686	9810.813187357224	258542.2724550898
48	275652	9828.936099219021	258535.29740518963
49	275652	9123.068422350045	259337.6007984032
50	275652	9540.436789870117	259831.12774451097
51	275652	10281.694393093863	259016.21756487025
52	276200	10492.732781645047	259254.40918163673
53	276200	10693.669164705452	260517.0249500998
54	276200	10723.675197726447	260713.86626746508
55	276200	10283.580658566647	261844.0598802395
56	276200	10885.632201159806	262067.86726546907
57	276200	11082.1466079739	262616.2894211577
58	280871	11637.522419094204	262366.00499001995
59	280871	11711.278174549605	262257.0618762475
60	280871	11709.55090042459	262911.7764471058
61	280871	11304.146544260802	263486.0279441118
62	280871	12127.220339626887	263577.2255489022
63	280871	12231.87579505568	264681.21856287424
64	280871	10974.641681944586	266673.248502994
65	280871	11691.907525508175	266710.72754491016
66	280871	12047.062722773258	266237.2005988024
67	280871	12813.048029689895	266067.6596806387
68	280871	11793.67472075351	267087.89221556886
69	280871	11762.679077669938	267856.11676646705
70	280871	12106.741048177602	267502.1746506986
71	280871	12586.715994674003	267020.57984031935
72	280871	11976.743769681785	267276.6746506986
73	280871	11674.365281107548	268570.9131736527
74	280871	12854.75782576732	268946.23453093815
75	280871	12897.804788102669	268534.5119760479
76	280871	13296.513617452583	268565.5548902196
77	280871	13605.971924300538	267864.60778443114
78	280871	13276.595264391774	267495.3263473054
79	280871	13124.218446806013	266203.29241516965
80	280871	12773.595882836882	266231.35628742515
81	280871	13020.66006253217	266018.50399201596
82	280871	12657.690572566824	266492.53193612775
83	280871	13451.157149241963	264817.8872255489
84	280871	12718.510909123012	266557.35429141717
85	280871	12904.501015660022	267056.9630738523
86	280871	13492.0314341052	266124.02994011977
87	280871	12619.890473124706	267462.0279441118
88	280871	12281.676403068164	267656.99301397207
89	280871	12964.058898178937	265822.45608782436
90	280871	12372.794491022418	267944.80938123754
91	284970	13216.736533426014	266456.14271457086
92	284970	12802.240198293874	265642.624750499
93	284970	12685.106146161466	266079.04091816366
94	284970	12108.2255841576	266953.2884231537
95	284970	13035.528845022445	267585.5938123753
96	288273	13610.137271365908	268554.92914171657
97	288273	12786.873860899937	269718.0479041916
98	288273	13220.577352484488	267840.7045908184
99	288273	14214.370198882365	267483.7744510978
100	288273	13836.089493347046	267148.0249500998
101	288273	13442.575873563605	267966.3273453094
102	288273	13890.243018513913	267341.29041916167
103	288273	13406.27639567016	269110.9900199601
104	288273	14213.856704422013	268943.1127744511
105	288273	13941.51236157735	268571.1516966068
106	288273	14112.169554326885	267922.01996007987
107	288273	13933.475944434067	268818.14471057884
108	288273	13385.482398009555	267383.50698602793
109	288273	13150.517575851396	267495.0818363273
110	288273	13255.67193103776	268321.621756487
111	288273	13663.772897034514	267993.64471057884
112	288273	13077.956122928817	268963.24550898204
113	288273	12762.564851121251	271310.54291417164
114	288273	13127.554306175962	270238.5289421158
115	288273	13509.778046515532	270125.0449101796
116	288273	14382.099394389286	268901.74351297406
117	288273	14022.547635633504	268141.01397205587
118	288273	13808.677790921616	268568.4740518962
119	288273	12947.170955204065	269781.82135728543
120	288273	14322.638105869617	268298.5668662675
121	288273	13327.967639001166	267582.79441117763
122	288273	13293.370467576324	269033.9141716567
123	288273	13829.772680580936	268633.3602794411
124	288273	12296.359246046415	270077.5628742515
125	288273	12801.462621195955	270878.5858283433
126	288273	13171.266875085728	271799.80738522956
127	288273	13739.055021929284	272531.16866267467
128	288273	14043.604677402516	272454.60479041917
129	288273	14005.778435178241	271262.0109780439
130	288273	13847.716062327107	271999.99500998005
131	288273	14221.08456776578	271358.1646706587
132	288273	13850.469768832632	272730.27145708585
133	288273	14436.231845461656	272378.17065868265
134	288273	15130.542841823322	271215.6397205589
135	288273	14949.447416226467	270962.88423153694
136	288273	15633.797792647007	270016.0469061876
137	288273	14821.222962989688	270122.58782435127
138	288421	14216.471991942171	271024.22654690617
139	288421	14825.538953615112	269876.2764471058
140	288421	15356.894081497026	268555.29441117763
141	288421	14606.233462050654	268816.4750499002
142	288421	14226.664539831205	270507.23253493017
143	288421	14357.372954739047	269542.629740519
144	288421	14137.950682041961	269083.88323353295
145	288421	13832.849527485736	272135.57984031935
146	288421	13995.997770101803	272060.51497005986
147	288421	13041.42915731566	275149.56886227545
148	288421	14269.14405711655	272961.88123752497
149	288421	14238.078436634158	272874.7215568862
150	288421	14652.786972358845	272025.9251497006
151	288421	15115.60851816796	269979.9251497006
152	288421	14574.901938356941	270601.3233532934
153	288421	13393.831284633843	271907.1387225549
154	288421	14074.53227196088	271462.1087824351
155	288421	14238.077617040051	270650.8243512974
156	288421	13994.574321596605	271842.5369261477
157	288421	13465.363106826228	273174.48502994014
158	288421	13814.526289299018	273958.5129740519
159	288421	14757.00614557336	274642.2774451098
160	288421	14520.401667780472	275370.48502994014
161	288421	14465.384635918	275524.4720558882
162	288421	15402.703690207547	275295.94810379244
163	288421	16031.541657219492	274492.28243512975
164	288421	16427.573647947687	274010.1107784431
165	292782	17299.303751257055	271571.7405189621
166	292782	17153.93508482087	271688.1087824351
167	292782	16755.93995794034	271333.2754491018
168	292782	16724.869320246013	270781.8243512974
169	292782	15203.072371445449	270356.6397205589
170	292782	15505.280895567503	271593.48003992013
171	292782	15094.109579285481	273708.42914171657
172	292782	15611.063847818628	272434.8393213573
173	292782	16354.482645379549	271595.0858283433
174	292782	16027.654936307536	271921.48003992013
175	292782	16144.074856279236	271516.24650698603
176	292782	15073.434911286724	273436.20758483035
177	292782	14252.57709716151	274196.26347305387
178	292782	15078.786399003939	274404.7415169661
179	292782	15032.935729762496	273660.4740518962
180	292782	15041.59153500594	274711.4071856287
181	292782	15292.752767233089	275834.40219560877
182	292782	15240.767930454813	276512.0538922156
183	292782	16149.290450713044	275226.0918163673
184	292782	16579.57762407314	274652.39221556886
185	292782	16655.97931712889	274916.15269461076
186	292782	16330.437789656307	275690.20658682636
187	294290	15011.218899905612	278106.6506986028
188	294290	16462.017660775782	275632.8363273453
189	294290	16892.28808983404	276162.60778443114
190	294290	16226.246676806093	276595.0349301397
191	294290	16295.263006110003	275760.5758483034
192	294290	16168.059794909157	276937.5848303393
193	294290	15897.488703965557	276761.64371257485
194	294290	16629.603077644395	275518.4001996008
195	294290	17640.113736939657	274578.23253493017
196	294290	17851.49081896404	275209.14471057884
197	294290	17660.95409300187	274542.41117764474
198	294290	17471.692029440343	274691.0548902196
199	294290	18117.62030648108	273691.26546906185
200	294290	17636.509024118077	273472.4880239521
201	294290	17946.832896244665	272862.5758483034
202	294290	17570.24739949958	272581.61477045907
203	294380	16520.19043085684	273274.7115768463
204	294380	17783.078694812997	273138.2984031936
205	294380	17529.380880873552	272067.90419161675
206	294380	17580.70184898932	272239.02095808386
207	294380	17262.487990295514	271399.3163672655
208	294380	17106.48516294615	271318.1876247505
209	294380	16214.307686711487	273729.36826347304
210	294380	16844.14628650703	273487.2225548902
211	294380	16671.761885004256	274161.6606786427
212	294380	16984.229594526096	273451.16866267467
213	294380	15919.253313104375	274653.9870259481
214	294380	15540.762613452298	275215.6736526946
215	294380	15577.865607822308	275158.1367265469
216	294380	16594.629520321956	274481.3363273453
217	294380	15854.133036684203	275530.6876247505
218	294380	15646.505659042949	277485.44810379244
219	294380	15407.825397587241	278079.14471057884
220	294380	15416.470693564044	279200.32035928144
221	294380	15785.882639278292	279293.69660678646
222	294380	16256.586946248197	278957.2894211577
223	294380	15965.07222572937	280649.07784431137
224	294380	16852.14781858436	280538.64471057884
225	294380	16267.37440325761	281890.29341317364
226	294380	16267.059217458691	281571.371257485
227	294380	17982.490006842203	279669.44111776445
228	294380	16936.123331993083	281618.10479041917
229	294380	16838.67377574465	280820.2245508982
230	297930	18421.446829313136	281077.83133732533
231	297930	18142.037237383865	280913.76946107787
232	297930	18516.191666826442	280770.498003992
233	297930	17709.029836764017	282964.16966067866
234	297930	18478.68551816655	281112.0349301397
235	297930	18191.054622615655	281648.6586826347
236	297930	18252.779031929203	281244.20758483035
237	297930	20110.200296208703	279529.6576846307
238	297930	20173.740817129397	276484.6586826347
239	297930	20467.278559583792	277379.6766467066
240	297930	19711.553623482614	277171.5938123753
241	297930	19488.723712798732	277542.05688622757
242	297930	20372.033961225196	276429.1137724551
243	297930	19185.19479435989	276887.9870259481
244	299381	18737.900731563364	277816.43113772455
245	299381	18541.699435053542	279552.98602794413
246	299381	17609.262336649936	280633.3343313373
247	299381	18140.22079940797	280642.2235528942
248	299381	18199.761706793983	281241.1367265469
249	299381	17807.49010328009	283126.94710578845
250	299381	18541.912721501045	281537.5369261477
251	299381	19412.776348603802	279928.97704590816
252	299381	18788.6797932763	280835.94211576844
253	299381	19715.22661351162	278407.5628742515
254	299381	19224.643844333586	279772.09780439123
255	299381	18593.46422728544	281938.7215568862
256	299381	18100.499535220024	282134.4760479042
257	299381	17379.222515142093	285470.7415169661
258	299381	18366.24916690572	284373.5718562874
259	299381	17637.00224399556	283829.60778443114
260	299381	18400.107179138307	283653.3882235529
261	299381	18697.295821799635	283207.6467065868
262	299381	19890.41474135204	280428.81736526947
263	299381	19121.400968830454	281327.44810379244
264	299381	20243.08688444335	279701.8233532934
265	299381	20132.425879509767	278575.43113772455
266	299381	19283.483997421063	280960.2025948104
267	299381	19941.4352409252	280032.1117764471
268	299381	19829.057980479633	280456.8982035928
269	299381	20086.09693740354	279370.99301397207
270	302100	18700.60436755416	280783.60479041917
271	302100	18177.45960114954	281286.00499001995
272	302100	17905.154943192945	282585.39421157684
273	302100	17150.441452451265	283539.6856287425
274	302100	18612.93027233728	283650.34431137727
275	302100	18461.961439085324	284035.08083832334
276	302100	19799.338623970463	283538.58882235526
277	302100	19033.605160615654	284475.5828343313
278	302100	19110.398696257107	283707.0758483034
279	302100	18087.81660980404	284465.74650698603
280	302100	19063.335233564714	282667.39520958083
281	302100	18344.267748039536	284281.99500998005
282	302100	19608.445014513418	282526.0768463074
283	302100	19114.421840498904	283683.61676646705
284	302100	18355.929695630915	285434.9920159681
285	302100	20393.536862527995	279493.8053892216
286	302100	19558.510038269782	281641.85528942116
287	302100	18884.27346828627	283685.9131736527
288	302100	18552.689968762643	284346.5489021956
289	302100	19697.224663548714	284106.05688622757
290	302100	20794.779771119323	283021.74351297406
291	302100	20658.740106153666	282522.9750499002
292	302100	21356.33552879425	280257.33033932134
293	302100	19810.972283517538	284582.5858283433
294	302100	20158.01200374084	283315.5399201597
295	302100	20539.30185905757	281953.3512974052
296	302100	19876.05180624341	282121.14171656687
297	302100	20815.05550955038	281076.6137724551
298	302100	19895.163635358185	282794.3872255489
299	302100	20331.32220909466	281929.2864271457
300	302100	19855.837751515366	282458.67065868265
301	302100	21179.819487457684	279864.2215568862
302	302100	20933.666644061457	279889.0119760479
303	302100	20376.707963813828	280672.001996008
304	302100	20644.39556340456	280683.83133732533
305	302100	19996.05480349451	281058.52095808386
306	302100	19790.137118031143	280891.4171656687
307	302100	21492.751062856674	279111.4820359281
308	302100	21002.54432018012	279518.8053892216
309	302100	21299.668950084928	280736.74451097805
310	302100	19472.882560088874	284002.65568862273
311	302100	19167.101355264298	284693.11676646705
312	302100	18948.678455865127	285394.002994012
313	302100	20278.007186771796	284224.9241516966
314	302100	19893.0748888348	283141.04091816366
315	303296	19512.521246882676	283651.4161676647
316	303296	19753.499884426274	285047.84431137727
317	303296	19281.17957407465	286735.4451097804
318	303296	20822.62594605939	285075.0469061876
319	303296	21341.21545767188	283310.00399201596
320	303296	20449.656900525704	284003.2105788423
321	303296	19148.939307014396	287208.51397205587
322	303296	20448.07558766772	286582.48303393216
323	303296	21843.105453128115	282816.36526946106
324	303296	21009.883855160533	282025.76347305387
325	303296	20862.901275640023	282518.54191616765
326	303296	21915.25697611005	280132.3413173653
327	303296	20716.138098366057	281628.6736526946
328	303296	21678.303114788436	280905.4231536926
329	303296	21464.331629004537	281153.0618762475
330	303296	21288.584278529346	281678.3273453094
331	303296	21524.504377509067	280440.25449101796
332	303296	21222.468824161344	280441.40518962074
333	305128	21329.913288697753	280034.19660678646
334	305128	20993.1943935722	279347.8363273453
335	305128	20435.58974358079	277594.42015968065
336	305128	20084.124709047897	278810.9101796407
337	305128	19877.908806219926	280878.126746507
338	305128	20527.814070099495	278151.28243512975
339	305128	20230.910268345957	278684.5658682635
340	305128	19728.21506595231	281618.125748503
341	305128	18624.210026773606	282899.16866267467
342	305128	19526.133164305942	281189.9620758483
343	305128	20546.631849177575	281001.6626746507
344	305128	20101.019432463425	282208.16866267467
345	305128	20758.547909644985	280882.6487025948
346	305128	21419.495872876854	280646.15269461076
347	305128	20632.15065902073	278776.86726546905
348	305128	19099.55121641026	282666.4131736527
349	305128	20486.05244850948	282597.5499001996
350	305128	20174.43184493792	282843.63473053894
351	305128	20253.26714597714	282531.9600798403
352	305128	20835.59258408758	281927.4101796407
353	305128	20764.822591064905	280980.15269461076
354	305128	19718.184598882475	285911.0389221557
355	305128	20757.921592219012	284503.8642714571
356	305128	22543.879391196395	282829.2215568862
357	305128	22764.980694001708	282317.1367265469
358	305128	22539.719053523593	282907.56087824353
359	305128	21641.735459272517	282854.79241516965
360	305128	22031.41845715803	281306.84730538924
361	305128	22856.22212501124	280304.9271457086
362	305128	21758.931157088264	280396.5499001996
363	305128	21150.098691443905	281856.49500998005
364	305128	21719.20357307385	282381.68962075847
365	305128	21314.093163846446	284492.34530938126
366	305128	21898.471126761273	285012.60578842316
367	305128	21085.499740141415	283158.0469061876
368	305128	21095.024007421278	283162.7584830339
369	305128	21995.22506006882	279955.65469061874
370	305128	22073.59256441559	278217.65469061874
371	305128	21537.23245005808	279370.68163672654
372	305128	20366.45090737157	282601.3602794411
373	305128	19446.80648650674	284202.67964071856
374	305128	20402.845409520807	283776.56986027944
375	305128	20347.143244726794	284616.9341317365
376	305128	21472.20288856623	282369.0189620759
377	305128	20771.857006527636	285257.8273453094
378	305128	22163.299481292775	282059.5558882236
379	305128	22602.212479453414	280884.0259481038
380	305128	22129.981531014048	281868.3243512974
381	305128	22607.800728012993	279763.59580838325
382	305128	22269.903204735452	281558.4261477046
383	305128	21625.887883948635	282335.56786427146
384	305128	21282.567365543335	280395.2954091816
385	305128	21281.4918806752	279477.3972055888
386	305128	21119.752906627367	278696.1676646707
387	305128	21151.61241721124	275549.5269461078
388	305128	20718.655691412478	275613.9161676647
389	305128	20567.175934960964	275619.81736526947
390	305128	19501.97581597584	275618.629740519
391	305128	20363.583096819202	274930.47005988023
392	305128	19829.18759513546	273533.94311377243
393	305128	19588.47178177989	274744.6676646707
394	305128	19751.64097808906	275042.123752495
395	305128	20056.66468406371	274356.3612774451
396	305128	19706.00662507803	274425.8123752495
397	305128	20181.565002042797	276766.56986027944
398	305128	21049.33469162657	275273.27345309383
399	305128	20504.603995741065	273774.5728542914
400	305128	20281.148311114895	275609.8872255489
401	305128	19047.17336291062	276469.9540918164
402	305128	20095.220282799513	277554.49301397207
403	305128	19655.054628254788	277363.77245508984
404	305128	19749.00355646247	278198.9810379241
405	305128	19798.71802270465	275250.9361277445
406	305128	20367.620919396137	276930.8522954092
407	305128	20230.7227776562	276093.49600798404
408	305128	20344.36716652995	274322.79041916167
409	305128	19745.091964850868	272967.4141716567
410	305128	19144.410567489893	273794.74451097805
411	305128	19413.584550243417	274098.5628742515
412	305128	19307.045077163275	272939.35429141717
413	305128	18720.091917323993	272837.08083832334
414	305128	17947.684136970496	273811.3153692615
415	305128	17911.33487617858	272952.33033932134
416	305128	18235.912590801465	273808.4441117764
417	305128	17929.352364547143	274558.51397205587
418	305128	18025.192071027785	273273.0189620759
419	305128	18873.37336537951	274036.77045908186
420	305128	18417.38773883748	275183.98602794413
421	305128	17474.2448538416	276113.7125748503
422	305128	19059.11266130701	273140.1646706587
423	305128	18534.388686988732	274435.64171656687
424	305128	19112.113621731147	276910.8053892216
425	305128	19051.35340991056	279004.47904191614
426	305128	19603.814096515434	281657.5928143713
427	305128	19557.022540443428	281182.52095808386
428	305128	19707.60660303315	282231.6746506986
429	305128	20573.38243360235	282096.52195608785
430	305128	21252.064570780807	283281.1636726547
431	305128	21599.06714386262	283720.21756487025
432	305128	20791.723918710402	283624.0748502994
433	305128	20773.14102964236	283473.872255489
434	305128	22016.3532160141	280799.6876247505
435	305128	21734.832683995824	278445.24451097805
436	305128	21903.833084221595	278929.7125748503
437	305128	22513.653631710942	277456.5
438	305128	22054.368435964512	278161.0249500998
439	305128	22738.966601812535	275189.49401197606
440	305128	22425.212003045544	273311.0089820359
441	305128	21619.71118942478	272847.7415169661
442	305128	21876.986923209344	274462.63173652696
443	305128	21274.852240059736	278213.51696606784
444	305128	21716.399284652733	275971.4880239521
445	305128	22015.094622153843	276006.43013972056
446	305128	20473.737038949388	274348.4540918164
447	305128	20521.696095295745	276210.51397205587
448	305128	20073.06970388333	276000.4530938124
449	305128	19662.50594701546	278381.2594810379
450	305128	19824.60520346231	279452.24750499
451	305128	20507.28997008872	275654.9011976048
452	305128	20038.92910145005	278367.82834331336
453	305128	20577.96044596947	276537
454	305128	21075.270013528803	277215.9181636727
455	305128	20872.885038929075	276429.05289421155
456	305128	21038.91940102276	276688.7864271457
457	305128	21094.75274958998	276588.9900199601
458	305128	21234.413372854102	277747.0738522954
459	305128	21407.607915791054	276631.73552894214
460	305128	20556.02864523877	274590.1357285429
461	305128	20842.857668397708	274009.9441117764
462	307968	20553.258076340582	272630.8163672655
463	307968	19402.744601680086	274411.4510978044
464	307968	18851.799074480972	274055.4131736527
465	307968	19214.73392270963	273128.06886227545
466	307968	19494.21358347341	274874.32934131735
467	307968	19416.9014154883	276124.5558882236
468	307968	19858.47276782732	277209.19161676645
469	307968	19685.048679583033	276906.38423153694
470	307968	20233.224421243067	276065.88123752497
471	307968	19907.571918328842	272536.4141716567
472	307968	19788.64446028687	271980.9720558882
473	307968	19447.110534605818	272820.04091816366
474	307968	19612.022796808495	272745.4011976048
475	307968	19578.976167627436	268473.7864271457
476	307968	18857.616913592483	266926.42914171657
477	307968	17709.005091584033	266539.9231536926
478	307968	16811.755598052892	267770.00698602793
479	307968	17239.82568851109	270783.14471057884
480	307968	16891.17969351822	271246.6956087824
481	307968	18118.49016911309	271321.1127744511
482	307968	17939.782011676853	271897.63173652696
483	307968	17776.878023189704	275176.8982035928
484	307968	17812.48872084953	277669.45908183634
485	307968	18213.849490820216	278818.05888223555
486	307968	18825.878586527284	280729.2874251497
487	307968	18873.00363823442	282787.65269461076
488	307968	19053.573232455743	282349.46806387225
489	307968	20111.287469522867	280051.57085828343
490	307968	20629.40939813489	279449.18962075847
491	307968	21772.46493672059	276055.70558882237
492	307968	19959.57528378954	276687.58782435127
493	307968	20387.548186712273	276422.3003992016
494	307968	20562.32794816275	276465.26347305387
495	307968	20842.825505872726	273390.5718562874
496	307968	19461.428245148574	276543.94011976046
497	307968	19406.62884356052	276611.43912175647
498	307968	19073.29208526302	277349.1876247505
499	307968	19371.380325858485	279046.89421157684
500	307968	19295.291384541317	280020.2624750499
501	307968	19878.52786828976	278917.75648702594
502	307968	19112.736280869216	280007.94710578845
503	307968	18588.679011231055	280881.00598802394
504	307968	19666.71024598567	279804.4161676647
505	307968	18803.43988790021	282338.6377245509
506	307968	20420.773449059692	279865.86626746505
507	307968	20799.580374283974	279624.6497005988
508	307968	19115.370057876346	281250.21656686626
509	307968	19638.853836140956	282449.14371257485
510	307968	20148.578111195995	280663.2774451098
511	307968	21049.4879261852	277688.78243512975
512	307968	20350.578261143255	277032.4550898204
513	307968	20999.11817909704	275831.00399201596
514	307968	20153.139986194725	277168.50598802394
515	307968	19587.347191007124	277200.7594810379
516	307968	20019.38646372829	277867.502994012
517	307968	19422.37405349958	278055.07784431137
518	307968	19916.417254381286	277275.88123752497
519	307968	19408.201646425674	280210.57085828343
520	307968	20324.9801931819	277109.0538922156
521	307968	20936.056703759237	275776.0259481038
522	307968	20748.36149110945	276839.73253493017
523	307968	19901.011571383795	279530.9101796407
524	307968	19691.523338812563	280762.9600798403
525	307968	20454.52187350223	281119.876247505
526	307968	21435.195719777475	280544.98303393216
527	307968	20587.118906947806	280728.21956087823
528	307968	20997.86810941761	278561.15269461076
529	307968	21585.4628234645	279019.97704590816
530	307968	21251.534601878364	279306.69660678646
531	307968	21747.717624210738	280497.19660678646
532	307968	21304.84901997388	283028.2884231537
533	307968	21057.445970453016	282660.13273453095
534	307968	20658.029242029883	283910.8123752495
535	307968	20611.255128732457	283758.9271457086
536	307968	20279.532221581445	284142.06087824353
537	307968	21117.22351841911	284374
538	307968	21239.77710648371	286116.94211576844
539	307968	21743.83233442057	285986.3882235529
540	307968	22447.653552134205	285814.0189620759
541	307968	21891.037910400228	287156.30239520955
542	307968	22301.037689024557	286310.59580838325
543	307968	20734.718379310605	288526.5538922156
544	307968	20209.136038723664	289318.61576846306
545	307968	21669.54318166055	286671.0918163673
546	307968	22760.41641743595	287118.24351297406
547	307968	22127.05822118957	289112.7844311377
548	307968	22197.765279126543	288703.5768463074
549	307968	22299.194532595662	289005.46606786427
550	307968	22299.85069761158	288982.5399201597
551	307968	22301.756223370372	288860.60578842316
552	308373	22611.69874300643	289762.67864271457
553	308889	22334.23683017397	291535.8243512974
554	308889	23454.854693427184	289603.68962075847
555	308889	23743.147438163047	288934.24750499
556	308889	22503.579353235753	291847.1576846307
557	308889	22742.254169272073	289309.31037924153
558	308889	22183.064680530184	289806.1037924152
559	308889	24006.58461299608	286446.2125748503
560	308889	23813.91099442107	286015.5379241517
561	308889	24336.02066556249	286718.9331337325
562	308889	25052.440873360596	285872.81836327346
563	308889	25068.763816917846	287544.5279441118
564	308889	24679.872375458857	289512.124750499
565	308889	23716.028762252856	290481.7794411178
566	308889	23777.012504811497	290705.8982035928
567	308889	22503.533432415265	293147.01497005986
568	309474	22738.194890772702	293354.9341317365
569	309924	23433.04514593696	293331.5129740519
570	309924	22561.64229404689	294149.3862275449
571	310202	23368.81345214907	292922.28343313374
572	311581	23844.77675336205	292451.69061876246
573	311581	25254.91912441698	289673.79241516965
574	311581	24975.325391186736	289036.4081836327
575	311581	24966.830515093443	287513.2225548902
576	311581	25270.76025000967	286664.9231536926
577	311581	24445.504969331803	289007.65369261475
578	311581	23838.147124119798	291408.40518962074
579	311581	23159.685880281228	291333.5558882236
580	311805	22144.740148555415	294619.4151696607
581	311805	22530.03536592899	295193.3133732535
582	311805	23595.188398176215	293452.67165668664
583	311805	22569.869529742653	294913.28043912177
584	311805	23350.59872132963	293245.1037924152
585	312112	23517.281598007317	292395.1766467066
586	312112	23483.51152439232	292299.1736526946
587	312112	24528.105912704	289564.497005988
588	312112	25376.1966378921	287889.07884231536
589	312112	25936.14252941882	283504.9630738523
590	312112	25443.11078556347	278040.4600798403
591	314062	24171.848804867506	280260.5668662675
592	314062	23216.530868740047	283163.45808383235
593	314062	23910.832289607595	281233.67864271457
594	314062	22592.462086401425	283979.86826347304
595	314062	23655.865207957027	284154.69660678646
596	314062	23941.229570993375	286445.4890219561
597	314062	23832.138007181675	286126.53393213573
598	314062	23832.445950023986	286139.01497005986
599	314062	24464.77264870142	286839.622754491
600	314062	23559.69982675146	286420.0379241517
601	314062	22646.30477004061	287426.05189620756
602	314062	22544.29067674483	288350.4061876247
603	314062	23638.44067808108	287246.6886227545
604	314062	23422.41714535188	289681.98602794413
605	314062	22217.10263728067	290289.4620758483
606	314062	21776.777391777865	292876.0858283433
607	314062	23407.029728774887	290680.49500998005
608	314062	23422.066966922135	290635.20958083833
609	314062	24535.975835678524	289054.19161676645
610	314062	24231.685910423814	289654.3622754491
611	314062	23748.083068355674	290250.81836327346
612	314062	22688.808446388648	292528.0369261477
613	314062	22918.566134637167	293347.124750499
614	314062	24687.946844230686	291369.23652694613
615	314062	24411.670820330284	292562.94910179643
616	314062	23863.43928584099	294199.2574850299
617	314062	23772.894301105775	294125.999001996
618	314062	22987.09251750926	296751.3602794411
619	314062	23606.1119364704	294784.07784431137
620	314062	23774.204204317564	293804.8522954092
621	314062	24894.946091289177	292639.0768463074
622	314062	25358.322195262972	290204.69261477044
623	314062	26895.83063712669	286580.4381237525
624	314062	26014.439811055672	286753.7874251497
625	314062	26130.84467313497	286258.38323353295
626	314062	24659.374415469367	286864.2145708583
627	314661	25562.791188853058	288033.19660678646
628	314661	24625.409832710346	289266.0249500998
629	314661	25011.505180310665	288194.64271457086
630	314661	25180.09078084895	287355.7255489022
631	314661	24151.73529634414	288351.5
632	314661	24027.16561677687	288088.6866267465
633	314661	25529.93067612384	284546.47804391215
634	314661	23539.81292392036	289378.4710578842
635	314661	24851.125655447926	285867.5359281437
636	314661	24982.841173107674	285218.98602794413
637	314661	23670.308091082672	288910.9900199601
638	314661	24520.63690793775	289118.4151696607
639	314661	24284.458165760476	289725.99500998005
640	314661	23732.00895390372	289652.376247505
641	314661	24822.43322916672	288932.0119760479
642	314661	23896.41361812776	289265.50698602793
643	314661	23688.861005272338	291103.61676646705
644	314661	23894.904309370446	289755.2235528942
645	314661	22825.989274903503	291859.5459081836
646	314661	23925.418305089872	290599.0489021956
647	314661	23659.65493395141	291013.26946107787
648	314661	23039.524131537633	294246.6027944112
649	314661	25247.493793431215	291356.94710578845
650	314661	24002.619208067867	291902.5119760479
651	314661	23279.136984265842	292016.5868263473
652	314661	24032.772433236725	291663.88423153694
653	314661	24488.441959153322	292021.94011976046
654	315145	25042.994626351494	292847.69261477044
655	315145	24737.73211860457	292657.1836327345
656	315145	24371.721606246847	292983.08083832334
657	315145	24581.376200221475	294712.98303393216
658	315145	23991.703542338157	295874.48602794413
659	315145	23988.154549118837	296495.74351297406
660	315145	23277.47568170669	297917.97904191614
661	315145	24581.129172112545	295172.5838323353
662	315145	25177.269803893534	294182.9281437126
663	315145	24242.002414303442	294538.29441117763
664	315145	25805.75823732768	291182.43013972056
665	315145	25480.818609427497	290795.9081836327
666	315145	25468.566558941584	292143.64371257485
667	315145	26309.50484167068	290788.70858283434
668	315145	26924.88806487402	288932.61477045907
669	315145	26820.924366694395	287204.80738522956
670	315145	26724.82308288728	285868.8253493014
671	315145	26127.182977365286	285922.5379241517
672	315145	25888.57719534589	287395.5768463074
673	315145	26359.540031848017	286921.5848303393
674	315145	25496.916989056535	288050.89421157684
675	315145	25142.997031915133	290233.6477045908
676	315145	26761.565965193626	288635.6007984032
677	315259	27521.775917649098	285074.00698602793
678	315259	26709.708452969408	284315.19660678646
679	315259	26499.570927513476	283692.1956087824
680	315259	26039.685842896015	281594.02195608785
681	315259	25429.764116144805	278502.69660678646
682	315259	25309.955004605796	277265.28343313374
683	315259	24148.471808007107	274235.98502994014
684	315259	22258.880409198428	273429.2894211577
685	315259	22586.11897499904	273442.8333333333
686	315259	22429.008638664593	273728.68063872255
687	315259	21930.48006092962	276346.2594810379
688	315259	21666.79368227678	275849.1007984032
689	315259	20999.637588407877	274528.32934131735
690	315259	21540.439843530596	274142.53293413174
691	315259	20727.21361695374	274865.376247505
692	315259	20047.163883718877	275185.49401197606
693	315259	20622.454127423203	276589.0638722555
694	315259	20501.864004301267	279410.7604790419
695	315259	20947.306650729926	280763.9630738523
696	315259	21314.879201386553	282341.61576846306
697	315259	22618.375324738856	282347.8243512974
698	315259	22336.202233944965	283584.2235528942
699	315259	23522.67333435445	280969.1497005988
700	315259	23664.35248763983	283678.7764471058
701	315259	23523.161293679404	283094.3962075848
702	315259	22423.47378756901	285125.16866267467
703	315259	23417.567377174582	282229.0249500998
704	315259	23952.519408718286	280325.1946107784
705	315259	22935.83650232551	283988.7624750499
706	315259	23964.786146737104	282584.122754491
707	315259	23799.554864074606	282504.4740518962
708	315259	23902.769609932195	281482.34530938126
709	315259	22373.08480030299	285149.8862275449
710	315259	22714.36057236903	283637.01397205587
711	315259	23820.925155498364	281961.4141716567
712	315259	22553.71001321125	283350.06786427146
713	315259	21268.673251986398	284571.4710578842
714	315259	21411.057440046243	284639.4710578842
715	315259	21184.18622848683	285305.69760479045
716	315259	21451.11230788991	285937.6596806387
717	315259	22130.271014894584	287359.85828343313
718	315259	23708.511905306656	285459.65369261475
719	315259	23436.392682508602	287044.01696606784
720	315259	22791.559370322837	288377.8882235529
721	315259	22130.09730394833	290882.5399201597
722	315259	23715.23556012902	289075.1996007984
723	315259	24251.359106289357	286933.0359281437
724	315259	24244.45861561218	287303.44710578845
725	315259	24587.898204356952	286707.07784431137
726	315259	25294.165232684398	285712.1407185629
727	315259	25748.622707218747	284151.9001996008
728	315259	25929.612395693897	285437.96706586826
729	315259	25247.694298833878	285740.98502994014
730	315259	25394.686463255144	287284.47005988023
731	315489	24961.241898925076	288904.0848303393
732	315489	25306.867727385405	287076.0918163673
733	315489	25739.678068860074	286814.378243513
734	315489	25422.269148999243	285506.1487025948
735	315489	24825.072694362032	285396.6477045908
736	315489	25007.010709483584	286081.3113772455
737	315489	24706.1718260512	288310.77145708585
738	315489	24938.476108806768	286617.874251497
739	315489	25505.24041692428	285429.1676646707
740	315489	24965.390889588845	287282.9241516966
741	315489	24601.1811499799	287682.8133732535
742	315489	25549.795434446813	284736.20758483035
743	315489	25114.617106937076	286498.1626746507
744	315489	25306.823975518593	284851.90319361276
745	315489	24702.517693390426	290297.3592814371
746	315489	25101.165455797614	289143.7894211577
747	315489	26200.639088011536	287120.60778443114
748	315489	25718.923350133093	286492.36526946106
749	315489	25068.25070013024	287434.01596806385
750	315489	24747.191265264824	286714.4141716567
751	315489	25277.68940864583	289265.98602794413
752	315489	26220.31235777944	286495.8043912176
753	315489	25140.571907009085	288577.14371257485
754	315489	25948.736790080326	287577.5928143713
755	315489	26121.683403763192	287504.6736526946
756	315489	25768.954794296682	289015.21956087823
757	315489	24383.913603351833	293441.6846307385
758	315489	25902.771209010778	292290.5618762475
759	315489	25941.719835693704	292315.66966067866
760	315489	26022.4530551462	291858.5469061876
761	315489	25716.904395487058	291089.66167664673
762	315489	25981.617986595662	288697.80938123754
763	315489	25814.962620670187	290447.72954091814
764	315489	25274.634161541024	291163.29341317364
765	315489	25173.776797170533	292943.33133732533
766	315489	25491.94584830066	290976.80738522956
767	315489	26166.272099403795	291410.1017964072
768	315489	25333.701779530526	290341.3642714571
769	315489	25350.076561890543	293759.124750499
770	315489	25071.38770537032	291629.7964071856
771	315489	26163.674853846107	289146.15269461076
772	315489	25483.883456919164	290213.76546906185
773	315489	26615.358591468055	289278.73453093815
774	315489	25831.856357760782	292153.19760479045
775	315489	26198.255380533566	291340.3522954092
776	315489	25625.109711469402	288320.2105788423
777	315489	26475.827036294286	286965.44111776445
778	315489	25847.86708148586	287398.79241516965
779	315489	26214.971334798676	287087.1566866267
780	315489	26408.36476327215	286092.71656686626
781	316249	25380.252355205284	289722.97804391215
782	318251	25352.71635435813	290655.9231536926
783	318251	25169.764238752057	290964.71956087823
784	318251	27240.560133117044	286685.4870259481
785	318251	26230.692020936043	287434.75548902195
786	318251	26211.064831235093	285431.7135728543
787	318251	26175.464360696304	285918.6996007984
788	318251	26167.756776214155	286185.44810379244
789	318251	25694.74585049825	286065.5668662675
790	318251	24744.460397229097	286068.5459081836
791	318251	25362.563595010277	288547.1946107784
792	318251	25958.76568016408	287464.94810379244
793	318251	25543.611036061586	288380.9071856287
794	318251	24167.747709540014	292840.3353293413
795	318251	25761.13515393864	292447.0638722555
796	318251	25635.37258428495	291961.05788423156
797	318251	27237.330662792447	287737.07784431137
798	318251	27220.6944775995	284852.6407185629
799	318251	26186.715890605105	283682.05089820357
800	318251	26547.11356105493	281191.18962075847
801	318251	25052.194112982685	285344.1397205589
802	318251	25543.1954001612	283190.04391217564
803	318251	25705.724258079576	286811.5918163673
804	318251	25498.518300490756	287162.3882235529
805	318251	26219.22750837375	285097.3343313373
806	318251	25549.943902806514	286001.33133732533
807	318251	26262.84155784065	282193.6467065868
808	318251	25596.049750457263	283381.3163672655
809	318251	25077.89120631818	284059.60578842316
810	318251	25284.028159141188	285488.28043912177
811	318251	24432.394928072554	285709.6876247505
812	318251	25222.152277712426	287554.0369261477
813	318251	25280.61244342695	286359.19660678646
814	318251	23358.669286893684	290194.69261477044
815	318251	22470.060183364814	293286.2005988024
816	318251	23240.1404738581	293169.122754491
817	318251	24589.68200883528	293936.6467065868
818	318251	23958.250857883464	294775.31836327346
819	318251	26377.86517675766	290812.70958083833
820	318251	26411.99004456289	291906.6107784431
821	318251	27783.48821081959	287335.3972055888
822	318251	27272.325248312263	288366.2994011976
823	318251	27403.99281087339	287351.1776447106
824	318251	25715.62081070997	289543.0099800399
825	318251	24379.500243498896	292107.4251497006
826	318251	24779.920209719494	293486.17964071856
827	318251	24136.609078478734	295796.06986027944
828	318251	26492.901173934722	291996.8373253493
829	318251	27957.63030604802	289904.6626746507
830	318251	28387.73072912092	288995.7744510978
831	318251	26442.750493829364	289232.14271457086
832	318251	26877.846009744866	288661.4061876247
833	318251	25974.63337008114	290272.1487025948
834	318251	26236.84950949327	288795.3882235529
835	318251	25538.563245694033	290201.2964071856
836	318251	25722.873990963595	288839.86726546905
837	318251	26156.207910377678	288666.04291417164
838	318251	25812.879727284657	288106.31736526947
839	318251	25181.02707365192	289501.50499001995
840	318251	26184.10814199634	286021.00698602793
841	318251	26008.664951176517	283576.02994011977
842	318251	26263.796457325287	283600.27145708585
843	318251	26051.635707412912	283747.0648702595
844	318251	25385.121065056715	282282.60678642715
845	318251	25682.340408986336	282990.3253493014
846	318251	25420.154560495255	285624.13273453095
847	318251	25196.908745285265	286332.3053892216
848	318251	24037.533824644564	290160.40419161675
849	318251	23987.37511494259	289234.869261477
850	318251	23776.212336362798	290290.80239520955
851	318251	24636.893555176026	289654.751497006
852	318251	23481.215341480045	291606.9441117764
853	318251	26530.15285158173	286712.0858283433
854	318251	24588.360667419354	291048.79141716566
855	318251	25684.57138950066	287462.82934131735
856	318251	25794.44374231947	288648.8043912176
857	318251	25530.56314494365	290626.91916167666
858	318251	25049.016049963822	290685.4101796407
859	318251	25015.008223639517	293273.9061876247
860	318251	24669.615288592202	293437.119760479
861	318251	23609.8561958546	294736.34530938126
862	318251	24590.6330124892	294784.0109780439
863	318251	25887.491001610488	293954.20758483035
864	318251	27412.179206022305	289573.44910179643
865	318251	26602.075365922974	293115.4331337325
866	318251	26139.66654255299	291738.8992015968
867	318251	25306.87228200815	293766.78243512975
868	318251	24390.18112292375	294863.4091816367
869	318251	25618.70835221989	295114.29341317364
870	318251	26495.775852161743	294579.4500998004
871	318251	27398.16581278054	292533.4001996008
872	318251	26968.84977165837	291502.6736526946
873	318251	26157.931641914056	293465.34630738525
874	318251	26363.125088273955	291831.1566866267
875	318251	27269.994744628584	290622.3483033932
876	318251	27360.21259907619	289453.42015968065
877	318251	27176.619677930026	290260.18962075847
878	318251	26683.644354556585	292577.5
879	318251	26342.185610824665	291269.628742515
880	318251	26105.602044742496	292002.24351297406
881	318251	25957.057012114004	291998.2145708583
882	318251	26972.551202872535	288570.81037924153
883	318251	26428.850110116397	288843.55788423156
884	318251	26272.97974200961	285928.78243512975
885	318251	25685.86445617619	285731.9101796407
886	318251	25998.199677658555	282333.23453093815
887	318251	25733.690689311454	283654.872255489
888	318251	25282.054234081283	285357.04091816366
889	318251	25387.598673597353	290103.5918163673
890	318251	25331.059968362235	289815.43213572854
891	318251	25753.14961986461	287821.2245508982
892	318251	25733.580764477	291669.79241516965
893	318251	25110.855876969017	293544.0648702595
894	318251	26128.596209655087	290957.0538922156
895	318251	27237.17382753926	288387.0479041916
896	318251	27286.9893099334	289685.9001996008
897	318251	27087.965744823996	291380.3403193613
898	318251	27832.98374286381	291403.3053892216
899	318251	25514.089833037797	293681.4870259481
900	318766	26301.982287501785	291298.36526946106
901	318766	26550.01304026407	291471.6726546906
902	318766	25602.09675913228	292445.8253493014
903	318766	24531.165664255546	295785.89520958083
904	318766	26192.297162021863	294720.2315369261
905	318766	25007.563499073985	296583.9750499002
906	318766	27062.208199144767	293117.02295409184
907	318766	27049.507512870514	292984.94111776445
908	318766	27282.797274264893	293621.6506986028
909	318766	26333.736229836974	295721.49301397207
910	318766	27507.476600434347	293808.7145708583
911	320630	27989.705193639104	289308.0658682635
912	320630	27456.257021509362	289098.2215568862
913	320630	26807.693910089445	290584.19261477044
914	320630	26382.739451399662	290682.377245509
915	320630	27229.927090951245	289652.0099800399
916	320630	27643.17223699277	286999.2225548902
917	320630	27052.241504802536	286511.74451097805
918	320630	26674.965878944433	286559.3622754491
919	320630	27403.80418753883	286741.0089820359
920	320630	25623.353726822304	288793.2894211577
921	320630	25775.889275068173	289224.501996008
922	320630	24782.585014216264	285984.1487025948
923	320630	24847.496326418244	285860.4620758483
924	320630	24557.708512996996	285250.9091816367
925	320630	25248.605319841878	282425.6506986028
926	320630	25333.351111782133	281994.26546906185
927	320630	24649.952150354253	282910.6367265469
928	320630	25115.37531997007	282594.3902195609
929	320630	24761.994298157388	279327.6866267465
930	320630	25104.621891134644	280455.4630738523
931	320630	25907.56051223195	280467.876247505
932	320630	25714.913704956456	280255.1836327345
933	320630	25495.933834445914	278819.9261477046
934	320630	24669.195238432585	280330.8982035928
935	320630	24938.667479666467	281164.4261477046
936	320630	24456.121897033874	280480.20758483035
937	320630	25986.994601211318	280241.9151696607
938	320630	25413.014117195075	278675.4650698603
939	320630	25358.534101638947	282145.6367265469
940	320630	25182.829296901615	283077.4351297405
941	320630	23812.854592321946	284424.4600798403
942	320630	23843.64938894373	288244.7954091816
943	320630	24817.65900553988	283576.8413173653
944	320630	23327.956717153324	281664.2754491018
945	320630	23254.72611582174	281491.9510978044
946	320630	23367.839103203107	282747.1357285429
947	320630	23032.23519828888	287298.05888223555
948	320630	22159.083401739277	290599.26347305387
949	320630	21853.994447817884	291201.3003992016
950	320630	22491.804765365105	289252.4600798403
951	320630	24343.23969610538	289471.23652694613
952	320630	24611.00985324629	287299.24351297406
953	320630	24439.807261906324	288883.380239521
954	320630	23966.569653150877	288359.57884231536
955	320630	23194.180253992876	288592.7145708583
956	320630	25357.294815085992	285252.2744510978
957	320630	24363.707492720747	286497.872255489
958	320630	25045.767830184468	285143.27045908186
959	320630	24719.757548164718	286169.39421157684
960	320630	23499.865657094113	289453.630738523
961	320630	23715.978608769463	290538.4610778443
962	320630	23669.096840998307	292196.80738522956
963	320630	23953.693589439383	291548.0259481038
964	320630	23476.336055113217	289274.5728542914
965	320630	24752.996730552826	286054.122754491
966	320630	24670.822624022643	285807.3532934132
967	320630	23832.5791100166	285133.0758483034
968	320630	22839.11017675169	285558.57085828343
969	320630	22186.315636095318	289463.58083832334
970	320630	22891.329500995464	290949.2375249501
971	320630	23756.114863019622	289609.7145708583
972	320630	22053.49825677489	293358.6467065868
973	320630	23558.533897415487	291149.61576846306
974	320630	24690.726294878503	290028.89321357285
975	320630	25809.89017672564	288551.10678642715
976	320630	24427.81000357241	289961.3892215569
977	320630	25101.342262058824	288137.9750499002
978	320630	26407.239642257322	286962.8273453094
979	320630	25802.01733444015	287661.7984031936
980	320630	25596.941346759748	289125.6367265469
981	320630	24038.138960457727	290143.9161676647
982	320630	22746.246836895967	291348.0618762475
983	320630	22726.74934808199	294262.49500998005
984	320630	24439.476503614238	292046.49600798404
985	320630	25228.699687241704	291230.6397205589
986	320630	26015.27885422377	289101.5748502994
987	320630	25254.470202940553	287468.26347305387
988	320630	25506.95611218031	286409.09580838325
989	320630	26172.24345572971	286336.59481037926
990	320630	24955.708502629335	289381.27345309383
991	320630	26339.181901936437	285534.9620758483
992	320630	25262.30854636448	286817.13473053894
993	320630	24117.756738040014	289548.1886227545
994	320630	24296.4359941582	289843.51596806385
995	320630	23322.90316864771	292809.84630738525
996	320630	25099.574995866817	291270.6017964072
997	320630	25344.945139439642	290062.5718562874
998	320630	22850.747745730372	294837.8642714571
999	320630	23413.21745724588	294696.99600798404
